0 1
1 1
2 0
3 0
4 0
5 0
6 0
7 0
8 0
9 1
10 0
11 0
12 0
13 1
14 0
15 0
16 0
17 0
18 0
19 0
20 0
21 0
22 0
23 0
24 0
25 0
26 0
27 0
28 0
29 0
30 0
31 0
32 0
33 0
34 0
35 0
36 0
37 0
38 0
39 0
40 0
41 0
42 0
43 0
44 0
45 0
46 0
47 0
48 0
49 0
50 0
51 0
52 0
53 0
54 0
55 0
56 0
57 0
58 0
59 0
60 0
61 0
62 0
63 0
64 0
65 0
66 1
67 0
68 0
69 0
70 0
71 0
72 0
73 0
74 0
75 0
76 0
77 0
78 0
79 2
80 0
81 1
82 0
83 0
84 1
85 0
86 0
87 0
88 0
89 0
90 0
91 0
92 1
93 0
94 1
95 0
96 1
97 3
98 2
99 0
100 1
101 0
102 3
103 1
104 2
105 4
106 3
107 0
108 1
109 1
110 2
111 4
112 3
113 0
114 1
115 1
116 2
117 3
118 2
119 3
120 0
121 1
122 0
123 1
124 2
125 4
126 0
127 0
128 0
129 0
130 1
131 1
132 0
133 0
134 1
135 0
136 0
137 0
138 0
139 0
140 0
141 0
142 0
143 0
144 0
145 0
146 0
147 0
148 0
149 0
150 0
151 0
152 0
153 0
154 0
155 0
156 0
157 0
158 0
159 0
160 0
161 0
162 0
163 0
164 0
165 0
166 0
167 0
168 0
169 0
170 0
171 0
172 0
173 0
174 0
175 1
176 0
177 1
178 0
179 0
180 0
181 1
182 0
183 0
184 0
185 1
186 0
187 0
188 0
189 0
190 0
191 0
192 0
193 0
194 0
195 0
196 1
197 1
198 1
199 1
200 0
201 3
202 1
203 2
204 1
205 2
206 1
207 4
208 1
209 2
210 7
211 5
212 4
213 3
214 6
215 3
216 3
217 4
218 4
219 3
220 6
221 3
222 2
223 7
224 4
225 5
226 6
227 5
228 5
229 6
230 1
231 4
232 3
233 3
234 3
235 3
236 1
237 1
238 4
239 2
240 3
241 2
242 2
243 1
244 1
245 1
246 1
247 0
248 1
249 0
250 0
251 0
252 0
253 1
254 0
255 0
256 0
257 0
258 0
259 0
260 0
261 0
262 0
263 0
264 0
265 0
266 0
267 0
268 0
269 0
270 0
271 0
272 0
273 0
274 0
275 0
276 0
277 0
278 0
279 0
280 0
281 0
282 0
283 0
284 0
285 0
286 0
287 0
288 0
289 1
290 0
291 0
292 1
293 0
294 1
295 2
296 0
297 1
298 2
299 1
300 2
301 2
302 3
303 4
304 0
305 4
306 5
307 2
308 2
309 5
310 1
311 10
312 12
313 9
314 10
315 8
316 8
317 7
318 9
319 11
320 12
321 5
322 9
323 5
324 17
325 19
326 10
327 21
328 14
329 14
330 13
331 19
332 10
333 14
334 11
335 13
336 13
337 10
338 10
339 6
340 18
341 10
342 6
343 11
344 14
345 8
346 7
347 6
348 5
349 8
350 4
351 5
352 2
353 4
354 6
355 1
356 1
357 2
358 3
359 2
360 0
361 1
362 2
363 0
364 1
365 0
366 0
367 0
368 0
369 0
370 0
371 0
372 0
373 0
374 0
375 0
376 0
377 0
378 0
379 0
380 0
381 0
382 0
383 0
384 0
385 0
386 0
387 0
388 0
389 0
390 0
391 0
392 0
393 0
394 0
395 0
396 0
397 0
398 1
399 2
400 1
401 5
402 2
403 2
404 5
405 6
406 5
407 2
408 4
409 7
410 7
411 9
412 14
413 9
414 22
415 17
416 18
417 16
418 15
419 12
420 15
421 15
422 22
423 20
424 32
425 31
426 32
427 38
428 27
429 18
430 37
431 27
432 30
433 27
434 32
435 32
436 26
437 32
438 34
439 36
440 33
441 28
442 22
443 26
444 26
445 30
446 24
447 19
448 28
449 19
450 20
451 19
452 15
453 16
454 15
455 9
456 11
457 15
458 8
459 10
460 7
461 4
462 5
463 7
464 4
465 3
466 1
467 7
468 0
469 2
470 2
471 0
472 1
473 0
474 0
475 1
476 1
477 0
478 0
479 0
480 0
481 0
482 0
483 0
484 0
485 0
486 0
487 0
488 0
489 0
490 0
491 0
492 1
493 0
494 0
495 0
496 0
497 0
498 1
499 1
500 2
501 0
502 0
503 0
504 3
505 1
506 0
507 2
508 0
509 3
510 5
511 7
512 10
513 8
514 5
515 11
516 9
517 16
518 18
519 8
520 17
521 10
522 10
523 10
524 20
525 18
526 19
527 27
528 30
529 31
530 29
531 26
532 37
533 30
534 29
535 28
536 41
537 40
538 31
539 33
540 42
541 32
542 50
543 48
544 33
545 44
546 34
547 39
548 32
549 32
550 32
551 26
552 36
553 34
554 25
555 37
556 32
557 25
558 23
559 25
560 20
561 23
562 9
563 13
564 12
565 17
566 10
567 15
568 10
569 10
570 9
571 6
572 8
573 6
574 6
575 4
576 2
577 5
578 3
579 3
580 2
581 2
582 2
583 0
584 1
585 1
586 1
587 0
588 2
589 0
590 2
591 1
592 0
593 0
594 0
595 0
596 1
597 1
598 0
599 0
600 0
601 1
602 1
603 0
604 0
605 1
606 2
607 2
608 1
609 0
610 3
611 1
612 4
613 6
614 6
615 6
616 9
617 18
618 8
619 11
620 11
621 9
622 10
623 9
624 12
625 17
626 24
627 25
628 19
629 23
630 20
631 24
632 31
633 29
634 31
635 25
636 23
637 30
638 36
639 34
640 36
641 49
642 34
643 31
644 35
645 43
646 38
647 44
648 37
649 49
650 44
651 41
652 39
653 36
654 32
655 47
656 29
657 36
658 30
659 38
660 32
661 22
662 27
663 27
664 30
665 22
666 17
667 28
668 36
669 26
670 19
671 19
672 17
673 14
674 11
675 6
676 13
677 10
678 4
679 5
680 14
681 10
682 6
683 6
684 5
685 5
686 1
687 0
688 2
689 2
690 0
691 1
692 0
693 2
694 1
695 3
696 1
697 2
698 1
699 0
700 0
701 0
702 0
703 0
704 0
705 0
706 1
707 1
708 0
709 0
710 2
711 0
712 1
713 3
714 3
715 2
716 3
717 2
718 8
719 5
720 8
721 1
722 7
723 6
724 8
725 6
726 11
727 7
728 6
729 12
730 16
731 17
732 18
733 20
734 18
735 17
736 13
737 22
738 20
739 20
740 17
741 25
742 30
743 27
744 29
745 26
746 28
747 27
748 31
749 31
750 36
751 41
752 28
753 35
754 33
755 43
756 37
757 32
758 32
759 36
760 32
761 25
762 21
763 37
764 40
765 35
766 30
767 23
768 32
769 27
770 31
771 31
772 26
773 15
774 18
775 16
776 15
777 23
778 26
779 13
780 13
781 14
782 12
783 13
784 14
785 11
786 8
787 6
788 6
789 4
790 3
791 8
792 4
793 5
794 3
795 3
796 4
797 5
798 2
799 4
800 0
801 3
802 0
803 0
804 0
805 0
806 1
807 1
808 1
809 1
810 1
811 0
812 1
813 1
814 1
815 1
816 1
817 0
818 3
819 2
820 1
821 0
822 4
823 3
824 2
825 2
826 6
827 3
828 3
829 6
830 8
831 10
832 12
833 4
834 8
835 16
836 9
837 10
838 9
839 10
840 14
841 17
842 19
843 12
844 16
845 11
846 16
847 23
848 20
849 10
850 15
851 18
852 25
853 24
854 21
855 35
856 28
857 23
858 24
859 21
860 31
861 22
862 20
863 24
864 24
865 30
866 29
867 27
868 25
869 30
870 28
871 11
872 20
873 18
874 20
875 17
876 14
877 14
878 25
879 21
880 17
881 13
882 19
883 19
884 9
885 19
886 11
887 11
888 11
889 8
890 5
891 8
892 13
893 10
894 4
895 8
896 4
897 4
898 6
899 7
900 5
901 5
902 1
903 1
904 2
905 4
906 2
907 2
908 1
909 1
910 0
911 0
912 2
913 0
914 1
915 0
916 1
917 0
918 0
919 0
920 1
921 1
922 0
923 0
924 0
925 0
926 3
927 2
928 0
929 1
930 0
931 1
932 2
933 2
934 2
935 2
936 2
937 6
938 5
939 8
940 4
941 5
942 6
943 6
944 2
945 10
946 10
947 11
948 10
949 8
950 8
951 9
952 12
953 12
954 10
955 13
956 18
957 11
958 10
959 18
960 18
961 18
962 20
963 15
964 20
965 14
966 22
967 18
968 10
969 13
970 19
971 21
972 15
973 19
974 20
975 23
976 10
977 21
978 17
979 15
980 6
981 16
982 16
983 16
984 20
985 16
986 20
987 10
988 12
989 6
990 15
991 9
992 9
993 8
994 9
995 7
996 8
997 10
998 12
999 10
1000 6
1001 7
1002 2
1003 5
1004 1
1005 4
1006 3
1007 4
1008 3
1009 3
1010 3
1011 0
1012 2
1013 4
1014 0
1015 2
1016 2
1017 0
1018 1
1019 1
1020 2
1021 1
1022 0
1023 0
1024 1
1025 0
1026 0
1027 1
1028 0
1029 0
1030 0
1031 2
1032 1
1033 0
1034 0
1035 4
1036 0
1037 0
1038 0
1039 1
1040 1
1041 4
1042 3
1043 3
1044 1
1045 0
1046 3
1047 2
1048 5
1049 0
1050 2
1051 3
1052 5
1053 8
1054 4
1055 3
1056 8
1057 5
1058 3
1059 9
1060 2
1061 6
1062 4
1063 6
1064 11
1065 7
1066 3
1067 11
1068 12
1069 13
1070 9
1071 5
1072 8
1073 7
1074 11
1075 8
1076 10
1077 9
1078 9
1079 12
1080 11
1081 13
1082 7
1083 12
1084 10
1085 8
1086 5
1087 5
1088 10
1089 13
1090 4
1091 8
1092 14
1093 8
1094 8
1095 8
1096 9
1097 6
1098 7
1099 10
1100 5
1101 4
1102 5
1103 5
1104 4
1105 5
1106 5
1107 3
1108 5
1109 5
1110 4
1111 2
1112 7
1113 2
1114 1
1115 0
1116 3
1117 1
1118 1
1119 0
1120 0
1121 3
1122 3
1123 1
1124 2
1125 2
1126 0
1127 0
1128 1
1129 2
1130 1
1131 0
1132 0
1133 0
1134 0
1135 1
1136 0
1137 2
1138 0
1139 0
1140 1
1141 0
1142 0
1143 0
1144 0
1145 0
1146 0
1147 1
1148 1
1149 0
1150 1
1151 0
1152 0
1153 4
1154 4
1155 3
1156 1
1157 2
1158 2
1159 2
1160 2
1161 3
1162 3
1163 0
1164 4
1165 3
1166 11
1167 4
1168 3
1169 6
1170 5
1171 3
1172 5
1173 4
1174 3
1175 5
1176 1
1177 5
1178 4
1179 6
1180 6
1181 5
1182 1
1183 6
1184 1
1185 6
1186 9
1187 6
1188 8
1189 8
1190 14
1191 3
1192 1
1193 6
1194 6
1195 5
1196 6
1197 3
1198 2
1199 5
1200 5
1201 3
1202 3
1203 5
1204 2
1205 2
1206 6
1207 1
1208 4
1209 6
1210 5
1211 5
1212 0
1213 4
1214 3
1215 2
1216 1
1217 0
1218 2
1219 3
1220 0
1221 1
1222 2
1223 3
1224 2
1225 0
1226 2
1227 2
1228 1
1229 0
1230 1
1231 1
1232 1
1233 0
1234 1
1235 1
1236 1
1237 1
1238 0
1239 0
1240 0
1241 0
1242 1
1243 0
1244 1
1245 1
1246 1
1247 1
1248 0
1249 0
1250 1
1251 0
1252 0
1253 1
1254 0
1255 0
1256 1
1257 2
1258 2
1259 2
1260 0
1261 1
1262 0
1263 1
1264 0
1265 1
1266 2
1267 1
1268 0
1269 0
1270 2
1271 4
1272 2
1273 1
1274 4
1275 1
1276 2
1277 1
1278 2
1279 3
1280 1
1281 3
1282 2
1283 3
1284 1
1285 2
1286 3
1287 3
1288 2
1289 2
1290 1
1291 2
1292 4
1293 2
1294 4
1295 1
1296 3
1297 2
1298 2
1299 0
1300 1
1301 5
1302 3
1303 2
1304 3
1305 1
1306 3
1307 2
1308 5
1309 2
1310 2
1311 0
1312 2
1313 0
1314 6
1315 2
1316 0
1317 2
1318 0
1319 1
1320 0
1321 0
1322 2
1323 2
1324 0
1325 1
1326 0
1327 2
1328 0
1329 0
1330 1
1331 4
1332 0
1333 0
1334 0
1335 0
1336 0
1337 0
1338 0
1339 0
1340 2
1341 1
1342 0
1343 0
1344 0
1345 0
1346 0
1347 0
1348 0
1349 0
1350 1
1351 0
1352 0
1353 0
1354 0
1355 0
1356 0
1357 0
1358 0
1359 0
1360 1
1361 0
1362 0
1363 0
1364 0
1365 0
1366 0
1367 0
1368 1
1369 0
1370 0
1371 0
1372 0
1373 1
1374 0
1375 1
1376 1
1377 0
1378 0
1379 1
1380 1
1381 0
1382 0
1383 0
1384 2
1385 1
1386 0
1387 2
1388 0
1389 1
1390 3
1391 1
1392 1
1393 1
1394 3
1395 0
1396 0
1397 2
1398 1
1399 2
1400 0
1401 3
1402 0
1403 2
1404 3
1405 2
1406 2
1407 2
1408 1
1409 2
1410 3
1411 1
1412 0
1413 1
1414 0
1415 1
1416 1
1417 1
1418 0
1419 1
1420 1
1421 0
1422 1
1423 3
1424 1
1425 0
1426 1
1427 0
1428 1
1429 2
1430 1
1431 0
1432 2
1433 1
1434 0
1435 1
1436 1
1437 0
1438 1
1439 0
1440 0
1441 0
1442 0
1443 0
1444 0
1445 1
1446 0
1447 0
1448 1
1449 1
1450 0
1451 0
1452 1
1453 0
1454 0
1455 0
1456 0
1457 0
1458 0
1459 0
1460 0
1461 0
1462 0
1463 0
1464 0
1465 2
1466 0
1467 0
1468 0
1469 0
1470 0
1471 0
1472 0
1473 0
1474 0
1475 1
1476 1
1477 0
1478 0
1479 0
1480 0
1481 1
1482 0
1483 0
1484 0
1485 0
1486 0
1487 0
1488 0
1489 0
1490 0
1491 0
1492 0
1493 0
1494 0
1495 0
1496 0
1497 0
1498 1
1499 0
1500 0
1501 0
1502 0
1503 0
1504 0
1505 0
1506 0
1507 0
1508 2
1509 0
1510 1
1511 1
1512 0
1513 2
1514 1
1515 1
1516 0
1517 0
1518 0
1519 1
1520 2
1521 1
1522 0
1523 0
1524 0
1525 0
1526 0
1527 0
1528 0
1529 1
1530 0
1531 0
1532 0
1533 0
1534 2
1535 0
1536 0
1537 0
1538 0
1539 0
1540 0
1541 0
1542 0
1543 0
1544 0
1545 0
1546 0
1547 0
1548 0
1549 0
1550 0
1551 1
1552 0
1553 0
1554 0
1555 0
1556 0
1557 0
1558 0
1559 0
1560 0
1561 0
1562 0
1563 0
1564 0
1565 0
1566 0
1567 0
1568 0
1569 0
1570 0
1571 0
1572 0
1573 0
1574 0
1575 0
1576 0
1577 0
1578 0
1579 0
1580 0
1581 0
1582 0
1583 0
1584 0
1585 0
1586 0
1587 0
1588 0
1589 0
1590 0
1591 0
1592 0
1593 0
1594 0
1595 0
1596 0
1597 0
1598 0
1599 0
1600 0
1601 0
1602 0
1603 0
1604 0
1605 0
1606 0
1607 0
1608 0
1609 0
1610 0
1611 0
1612 0
1613 1
1614 1
1615 0
1616 0
1617 0
1618 0
1619 0
1620 1
1621 0
1622 0
1623 0
1624 0
1625 0
1626 1
1627 0
1628 0
1629 0
1630 0
1631 0
1632 0
1633 1
1634 0
1635 0
1636 0
1637 0
1638 1
1639 1
1640 0
1641 0
1642 0
1643 0
1644 0
1645 0
1646 0
1647 0
1648 0
1649 1
1650 0
1651 1
1652 0
1653 0
1654 0
1655 0
1656 0
1657 0
1658 0
1659 0
1660 0
1661 0
1662 1
1663 0
1664 0
1665 0
1666 0
1667 0
1668 0
1669 0
1670 0
1671 0
1672 0
1673 0
1674 0
1675 0
1676 0
1677 1
1678 0
1679 0
1680 0
1681 0
1682 0
1683 0
1684 0
1685 0
1686 0
1687 0
1688 0
1689 0
1690 0
1691 0
1692 0
1693 0
1694 0
1695 0
1696 0
1697 0
1698 0
1699 1
1700 0
1701 0
1702 0
1703 0
1704 0
1705 0
1706 0
1707 0
1708 0
1709 0
1710 0
1711 0
1712 0
1713 0
1714 0
1715 0
1716 0
1717 0
1718 0
1719 0
1720 0
1721 0
1722 0
1723 0
1724 0
1725 0
1726 0
1727 0
1728 0
1729 0
1730 0
1731 0
1732 0
1733 0
1734 0
1735 0
1736 1
1737 0
1738 0
1739 0
1740 0
1741 0
1742 0
1743 0
1744 0
1745 0
1746 0
1747 0
1748 0
1749 0
1750 0
1751 0
1752 0
1753 0
1754 0
1755 0
1756 0
1757 0
1758 0
1759 0
1760 0
1761 0
1762 0
1763 0
1764 0
1765 0
1766 0
1767 0
1768 0
1769 0
1770 0
1771 0
1772 0
1773 0
1774 0
1775 0
1776 0
1777 0
1778 0
1779 0
1780 0
1781 0
1782 0
1783 0
1784 0
1785 0
1786 0
1787 0
1788 0
1789 0
1790 0
1791 0
1792 0
1793 0
1794 0
1795 0
1796 0
1797 0
1798 0
1799 0
1800 0
1801 0
1802 0
1803 0
1804 0
1805 0
1806 0
1807 0
1808 0
1809 0
1810 0
1811 0
1812 0
1813 0
1814 0
1815 0
1816 0
1817 0
1818 0
1819 0
1820 0
1821 0
1822 0
1823 0
1824 0
1825 1
1826 0
1827 0
1828 0
1829 0
1830 0
1831 0
1832 0
1833 0
1834 0
1835 0
1836 0
1837 0
1838 0
1839 0
1840 0
1841 0
1842 0
1843 0
1844 0
1845 0
1846 0
1847 0
1848 0
1849 0
1850 0
1851 0
1852 0
1853 0
1854 0
1855 0
1856 0
1857 0
1858 0
1859 1
1860 0
1861 0
1862 0
1863 0
1864 0
1865 0
1866 0
1867 0
1868 0
1869 0
1870 0
1871 0
1872 0
1873 0
1874 0
1875 0
1876 0
1877 0
1878 0
1879 0
1880 0
1881 0
1882 0
1883 0
1884 0
1885 0
1886 0
1887 0
1888 0
1889 0
1890 0
1891 0
1892 0
1893 0
1894 0
1895 0
1896 0
1897 0
1898 0
1899 0
1900 0
1901 0
1902 0
1903 0
1904 0
1905 0
1906 0
1907 0
1908 0
1909 0
1910 0
1911 0
1912 0
1913 0
1914 0
1915 0
1916 0
1917 0
1918 0
1919 0
1920 0
1921 0
1922 0
1923 0
1924 0
1925 0
1926 0
1927 0
1928 0
1929 0
1930 0
1931 0
1932 0
1933 0
1934 0
1935 0
1936 0
1937 0
1938 0
1939 0
1940 0
1941 0
1942 0
1943 0
1944 0
1945 0
1946 0
1947 0
1948 0
1949 0
1950 0
1951 0
1952 0
1953 0
1954 0
1955 0
1956 0
1957 0
1958 0
1959 0
1960 0
1961 0
1962 0
1963 0
1964 0
1965 0
1966 0
1967 0
1968 0
1969 0
1970 0
1971 0
1972 0
1973 0
1974 0
1975 0
1976 0
1977 0
1978 0
1979 0
1980 0
1981 1
1982 0
1983 0
1984 0
1985 0
1986 0
1987 0
1988 0
1989 0
1990 0
1991 0
1992 0
1993 0
1994 1
1995 0
1996 0
1997 0
1998 0
1999 0
2000 0
2001 0
2002 0
2003 0
2004 0
2005 0
2006 0
2007 0
2008 0
2009 0
2010 0
