0 4
1 9
2 5
3 3
4 7
5 1
6 6
7 9
8 7
9 13
10 11
11 7
12 13
13 11
14 18
15 19
16 8
17 17
18 11
19 10
20 11
21 21
22 18
23 19
24 27
25 34
26 32
27 29
28 26
29 41
30 30
31 29
32 28
33 42
34 41
35 35
36 36
37 45
38 33
39 50
40 51
41 35
42 50
43 34
44 41
45 35
46 37
47 40
48 30
49 39
50 42
51 30
52 40
53 41
54 27
55 29
56 29
57 26
58 34
59 16
60 16
61 23
62 29
63 23
64 24
65 15
66 18
67 17
68 17
69 16
70 16
71 15
72 13
73 14
74 16
75 16
76 10
77 14
78 12
79 10
80 7
81 6
82 12
83 14
84 4
85 11
86 14
87 10
88 9
89 8
90 9
91 6
92 8
93 11
94 6
95 5
96 6
97 7
98 8
99 6
100 6
101 3
102 9
103 8
104 9
105 8
106 10
107 5
108 3
109 5
110 11
111 12
112 10
113 9
114 19
115 12
116 16
117 16
118 13
119 15
120 9
121 13
122 18
123 27
124 29
125 23
126 23
127 20
128 24
129 33
130 31
131 34
132 25
133 23
134 32
135 36
136 34
137 36
138 49
139 34
140 32
141 36
142 45
143 38
144 45
145 37
146 49
147 48
148 45
149 42
150 37
151 34
152 49
153 32
154 38
155 33
156 41
157 32
158 26
159 30
160 38
161 34
162 25
163 23
164 33
165 39
166 31
167 23
168 23
169 22
170 15
171 16
172 10
173 19
174 16
175 9
176 7
177 20
178 12
179 12
180 15
181 11
182 14
183 9
184 14
185 5
186 4
187 6
188 7
189 5
190 9
191 4
192 5
193 6
194 7
195 4
196 4
197 6
198 3
199 3
200 6
201 4
202 5
203 9
204 7
205 7
206 1
207 10
208 4
209 5
210 11
211 8
212 8
213 9
214 8
215 12
216 10
217 15
218 7
219 10
220 14
221 13
222 9
223 18
224 12
225 12
226 19
227 22
228 23
229 25
230 22
231 23
232 20
233 16
234 25
235 23
236 22
237 18
238 30
239 33
240 31
241 32
242 28
243 29
244 29
245 32
246 32
247 37
248 42
249 28
250 36
251 35
252 45
253 40
254 32
255 33
256 36
257 33
258 25
259 22
260 39
261 41
262 35
263 30
264 25
265 36
266 29
267 32
268 35
269 27
270 17
271 19
272 18
273 18
274 24
275 29
276 15
277 16
278 15
279 14
280 16
281 17
282 13
283 10
284 7
285 8
286 8
287 5
288 12
289 6
290 8
291 5
292 6
293 4
294 7
295 9
296 7
297 3
298 8
299 2
300 5
301 4
302 8
303 7
304 3
305 5
306 8
307 3
308 8
309 8
310 2
311 13
312 13
313 11
314 10
315 11
316 13
317 10
318 9
319 16
320 15
321 9
322 11
323 11
324 21
325 26
326 16
327 29
328 24
329 26
330 17
331 27
332 26
333 23
334 23
335 23
336 23
337 24
338 27
339 25
340 30
341 26
342 17
343 27
344 38
345 28
346 17
347 21
348 23
349 33
350 29
351 26
352 37
353 32
354 30
355 25
356 22
357 33
358 25
359 22
360 24
361 25
362 33
363 29
364 28
365 25
366 30
367 29
368 11
369 21
370 19
371 20
372 17
373 15
374 15
375 25
376 21
377 17
378 15
379 20
380 19
381 11
382 19
383 12
384 14
385 12
386 9
387 6
388 11
389 13
390 10
391 6
392 9
393 6
394 4
395 9
396 7
397 7
398 9
399 5
400 4
401 9
402 7
403 6
404 10
405 8
406 6
407 3
408 4
409 10
410 8
411 11
412 14
413 11
414 23
415 17
416 19
417 20
418 17
419 12
420 16
421 15
422 23
423 25
424 35
425 31
426 35
427 39
428 28
429 21
430 40
431 29
432 33
433 29
434 38
435 37
436 34
437 36
438 39
439 43
440 39
441 30
442 33
443 37
444 37
445 40
446 33
447 27
448 37
449 31
450 32
451 29
452 28
453 34
454 26
455 19
456 29
457 33
458 26
459 32
460 22
461 24
462 19
463 29
464 22
465 13
466 14
467 26
468 21
469 18
470 22
471 20
472 24
473 10
474 22
475 19
476 16
477 6
478 16
479 16
480 16
481 20
482 16
483 20
484 10
485 12
486 6
487 16
488 9
489 9
490 8
491 9
492 9
493 8
494 10
495 12
496 10
497 6
498 8
499 3
500 7
501 1
502 6
