0 8
1 6
2 6
3 4
4 7
5 3
6 9
7 4
8 3
9 6
10 3
11 3
12 7
13 6
14 3
15 5
16 2
17 8
18 3
19 4
20 3
21 4
22 2
23 9
24 9
25 8
26 5
27 4
28 3
29 5
30 4
31 7
32 8
33 4
34 3
35 0
36 3
37 5
38 7
39 3
40 3
41 6
42 5
43 3
44 3
45 6
46 2
47 1
48 6
49 6
50 2
51 6
52 6
53 3
54 8
55 3
56 2
57 4
58 4
59 9
60 11
61 7
62 7
63 1
64 8
65 6
66 7
67 2
68 5
69 4
70 5
71 7
72 4
73 7
74 4
75 6
76 7
77 6
78 5
79 2
80 7
81 6
82 3
83 2
84 7
85 1
86 4
87 6
88 5
89 3
90 2
91 8
92 4
93 2
94 4
95 3
96 7
97 2
98 3
99 9
100 4
101 3
102 7
103 5
104 11
105 1
106 5
107 3
108 7
109 1
110 5
111 4
112 6
113 2
114 4
115 8
116 2
117 10
118 2
119 3
120 6
121 3
122 1
123 7
124 2
125 5
126 7
127 2
128 3
129 4
130 4
131 7
132 2
133 5
134 4
135 7
136 3
137 2
138 2
139 5
140 3
141 3
142 2
143 1
144 5
145 4
146 0
147 3
148 2
149 5
150 4
151 3
152 3
153 4
154 1
155 10
156 5
157 5
158 7
159 6
160 4
161 8
162 8
163 8
164 8
165 9
166 2
167 5
168 2
169 9
170 4
171 5
172 5
173 3
174 6
175 7
176 2
177 1
178 3
179 2
180 1
181 6
182 7
183 5
184 6
185 11
186 4
187 6
188 6
189 5
190 3
191 0
192 5
193 8
194 5
195 9
196 14
197 12
198 3
199 3
200 5
201 4
202 7
203 6
204 5
205 4
206 4
207 9
208 5
209 7
210 7
211 2
212 5
213 3
214 4
215 7
216 2
217 4
218 2
219 4
220 9
221 6
222 4
223 2
224 12
225 3
226 4
227 3
228 5
229 6
230 4
231 4
232 3
233 10
234 8
235 7
236 6
237 9
238 7
239 4
240 4
241 7
242 3
243 3
244 6
245 7
246 6
247 1
248 4
249 6
250 6
251 10
252 2
253 6
254 4
255 5
256 7
257 7
258 2
259 4
260 6
261 6
262 2
263 3
264 7
265 1
266 10
267 6
268 5
269 4
270 6
271 6
272 3
273 5
274 10
275 4
276 3
277 7
278 4
279 7
280 5
281 5
282 9
283 6
284 7
285 5
286 5
287 4
288 4
289 6
290 2
291 5
292 6
293 7
294 6
295 3
296 5
297 3
298 5
299 2
300 8
301 2
302 3
303 2
304 5
305 11
306 7
307 7
308 5
309 8
310 2
311 3
312 7
313 5
314 4
315 3
316 5
317 8
318 3
319 4
320 6
321 4
322 5
323 6
324 5
325 7
326 9
327 3
328 2
329 1
330 12
331 6
332 3
333 4
334 5
335 3
336 4
337 3
338 3
339 2
340 4
341 8
342 13
343 6
344 6
345 5
346 11
347 3
348 3
349 4
350 6
351 1
352 6
353 3
354 3
355 4
356 4
357 4
358 3
359 2
360 2
361 2
362 1
363 1
364 4
365 4
366 5
367 10
368 6
369 6
370 2
371 6
372 4
373 5
374 4
375 10
376 5
377 2
378 5
379 7
380 4
381 9
382 5
383 3
384 7
385 5
386 4
387 7
388 3
389 5
390 2
391 5
392 5
393 8
394 4
395 3
396 5
397 6
398 8
399 1
400 5
401 1
402 5
403 9
404 3
405 0
406 4
407 5
408 5
409 6
410 0
411 6
412 3
413 3
414 5
415 5
416 8
417 7
418 3
419 6
420 7
421 6
422 7
423 5
424 7
425 6
426 14
427 5
428 7
429 4
430 8
431 4
432 2
433 6
434 6
435 4
436 10
437 7
438 4
439 3
440 3
441 7
442 7
443 5
444 4
445 9
446 4
447 4
448 4
449 5
450 3
451 3
452 6
453 7
454 7
455 5
456 6
457 8
458 5
459 2
460 6
461 8
462 5
463 12
464 6
465 5
466 4
467 5
468 8
469 3
470 7
471 6
472 3
473 6
474 4
475 6
476 3
477 10
478 3
479 15
480 3
481 3
482 6
483 3
484 11
485 4
486 4
487 6
488 2
489 4
490 6
491 3
492 4
493 4
494 3
495 2
496 6
497 8
498 6
499 7
500 7
501 4
502 9
503 8
504 3
505 10
506 8
507 8
508 4
509 2
510 2
511 4
512 2
513 2
514 6
515 3
516 4
517 9
518 3
519 4
520 6
521 6
522 3
523 5
524 4
525 3
526 3
527 4
528 7
529 4
530 6
531 4
532 3
533 7
534 4
535 4
536 5
537 6
538 3
539 7
540 5
541 7
542 3
543 3
544 1
545 7
546 5
547 5
548 5
549 4
550 6
551 3
552 2
553 5
554 4
555 2
556 0
557 0
558 4
559 2
560 3
561 3
562 8
563 5
564 5
565 3
566 7
567 0
568 1
569 1
570 4
571 2
572 7
573 8
574 4
575 5
576 4
577 3
578 5
579 4
580 5
581 10
582 5
583 6
584 1
585 1
586 3
587 4
588 7
589 3
590 5
591 0
592 6
593 8
594 6
595 8
596 3
597 5
598 2
599 7
600 3
601 3
602 4
603 3
604 6
605 5
606 3
607 8
608 0
609 2
610 4
611 6
612 1
613 5
614 5
615 4
616 3
617 10
618 10
619 2
620 7
621 8
622 5
623 5
624 3
625 1
626 5
627 6
628 9
629 6
630 7
631 3
632 5
633 0
634 5
635 6
636 1
637 2
638 3
639 8
640 7
641 4
642 4
643 2
644 7
645 6
646 5
647 3
648 8
649 5
650 8
651 2
652 4
653 4
654 4
655 3
656 5
657 1
658 5
659 7
660 5
661 2
662 10
663 2
664 5
665 3
666 3
667 3
668 8
669 5
670 6
671 7
672 1
673 4
674 5
675 3
676 4
677 3
678 1
679 4
680 7
681 2
682 4
683 9
684 4
685 13
686 6
687 9
688 6
689 4
690 5
691 5
692 6
693 4
694 4
695 4
696 3
697 3
698 4
699 5
700 3
701 2
702 6
703 7
704 5
705 5
706 6
707 6
708 5
709 6
710 1
711 3
712 5
713 4
714 4
715 2
716 6
717 5
718 3
719 5
720 3
721 2
722 0
723 9
724 2
725 7
726 5
727 4
728 2
729 3
730 7
731 7
732 7
733 4
734 3
735 4
736 6
737 8
738 6
739 4
740 8
741 7
742 4
743 6
744 9
745 2
746 3
747 6
748 5
749 5
750 3
751 4
752 8
753 6
754 5
755 2
756 4
757 6
758 11
759 9
760 2
761 8
762 1
763 5
764 7
765 2
766 4
767 5
768 6
769 4
770 5
771 7
772 6
773 5
774 1
775 4
776 5
777 5
778 6
779 9
780 6
781 3
782 6
783 3
784 8
785 4
786 8
787 4
788 3
789 7
790 8
791 3
792 9
793 6
794 3
795 4
796 4
797 5
798 4
799 8
800 4
801 4
802 3
803 4
804 6
805 7
806 7
807 8
808 4
809 5
810 5
811 3
812 1
813 9
814 4
815 3
816 6
817 3
818 7
819 5
820 3
821 5
822 3
823 7
824 4
825 7
826 8
827 4
828 3
829 7
830 7
831 5
832 2
833 5
834 7
835 7
836 5
837 11
838 3
839 6
840 5
841 4
842 11
843 5
844 3
845 5
846 2
847 4
848 3
849 5
850 8
851 3
852 4
853 5
854 3
855 4
856 4
857 6
858 4
859 5
860 4
861 4
862 8
863 7
864 3
865 3
866 3
867 8
868 6
869 9
870 4
871 1
872 6
873 6
874 2
875 9
876 11
877 5
878 6
879 4
880 2
881 3
882 1
883 4
884 4
885 6
886 5
887 3
888 5
889 2
890 3
891 4
892 10
893 1
894 5
895 6
896 1
897 3
898 7
899 7
900 6
901 3
902 9
903 6
904 2
905 4
906 1
907 3
908 4
909 4
910 3
911 8
912 5
913 6
914 3
915 1
916 6
917 1
918 6
919 3
920 7
921 6
922 2
923 4
924 7
925 2
926 5
927 6
928 6
929 5
930 4
931 5
932 3
933 8
934 4
935 6
936 6
937 8
938 4
939 8
940 4
941 3
942 4
943 4
944 6
945 4
946 3
947 4
948 5
949 3
950 5
951 9
952 5
953 5
954 2
955 3
956 6
957 5
958 6
959 7
960 7
961 8
962 1
963 4
964 10
965 4
966 4
967 0
968 8
969 5
970 3
971 5
972 12
973 3
974 4
975 2
976 4
977 1
978 7
979 6
980 3
981 7
982 5
983 8
984 3
985 0
986 3
987 2
988 3
989 2
990 1
991 5
992 5
993 10
994 4
995 1
996 0
997 4
998 5
999 5
1000 7
1001 4
1002 8
1003 6
1004 2
1005 2
1006 2
1007 4
1008 4
1009 3
1010 5
1011 1
1012 3
1013 14
1014 2
1015 3
1016 7
1017 4
1018 5
1019 7
1020 6
1021 4
1022 9
1023 4
1024 3
1025 5
1026 3
1027 3
1028 5
1029 9
1030 6
1031 5
1032 4
1033 5
1034 6
1035 4
1036 4
1037 8
1038 4
1039 5
1040 6
1041 4
1042 6
1043 6
1044 3
1045 8
1046 5
1047 6
1048 4
1049 1
1050 7
1051 7
1052 2
1053 2
1054 5
1055 3
1056 5
1057 2
1058 5
1059 7
1060 1
1061 2
1062 8
1063 1
1064 8
1065 5
1066 0
1067 7
1068 9
1069 5
1070 7
1071 10
1072 6
1073 4
1074 5
1075 3
1076 7
1077 2
1078 4
1079 6
1080 5
1081 7
1082 4
1083 7
1084 3
1085 7
1086 4
1087 10
1088 5
1089 3
1090 9
1091 4
1092 2
1093 7
1094 4
1095 6
1096 8
1097 10
1098 3
1099 2
1100 4
1101 3
1102 6
1103 5
1104 1
1105 3
1106 6
1107 1
1108 4
1109 4
1110 6
1111 7
1112 5
1113 1
1114 4
1115 5
1116 9
1117 3
1118 5
1119 3
1120 5
1121 3
1122 3
1123 2
1124 3
1125 9
1126 5
1127 9
1128 3
1129 5
1130 7
1131 2
1132 7
1133 7
1134 5
1135 2
1136 4
1137 3
1138 6
1139 2
1140 2
1141 3
1142 3
1143 4
1144 8
1145 4
1146 2
1147 8
1148 4
1149 3
1150 5
1151 6
1152 2
1153 9
1154 3
1155 5
1156 3
1157 3
1158 5
1159 3
1160 6
1161 4
1162 3
1163 3
1164 1
1165 9
1166 8
1167 10
1168 3
1169 4
1170 11
1171 6
1172 5
1173 7
1174 10
1175 5
1176 10
1177 3
1178 5
1179 6
1180 7
1181 2
1182 12
1183 7
1184 3
1185 8
1186 3
1187 4
1188 3
1189 3
1190 4
1191 5
1192 2
1193 5
1194 5
1195 5
1196 8
1197 8
1198 6
1199 4
1200 3
1201 4
1202 6
1203 3
1204 5
1205 4
1206 2
1207 4
1208 7
1209 1
1210 4
1211 5
1212 3
1213 5
1214 14
1215 5
1216 6
1217 10
1218 8
1219 12
1220 5
1221 9
1222 2
1223 4
1224 6
1225 7
1226 7
1227 7
1228 4
1229 1
1230 5
1231 5
1232 5
1233 3
1234 4
1235 7
1236 1
1237 7
1238 4
1239 2
1240 2
1241 6
1242 6
1243 4
1244 8
1245 5
1246 3
1247 8
1248 6
1249 7
1250 6
1251 7
1252 7
1253 1
1254 3
1255 6
1256 6
1257 5
1258 5
1259 4
1260 8
1261 2
1262 5
1263 3
1264 3
1265 5
1266 2
1267 3
1268 8
1269 2
1270 4
1271 3
1272 6
1273 8
1274 10
1275 7
1276 3
1277 0
1278 4
1279 4
1280 1
1281 5
1282 4
1283 5
1284 8
1285 9
1286 2
1287 1
1288 4
1289 4
1290 4
1291 8
1292 4
1293 8
1294 4
1295 3
1296 2
1297 3
1298 5
1299 5
1300 2
1301 8
1302 9
1303 2
1304 6
1305 3
1306 6
1307 3
1308 1
1309 3
1310 3
1311 3
1312 6
1313 3
1314 6
1315 5
1316 4
1317 2
1318 4
1319 5
1320 5
1321 1
1322 3
1323 6
1324 2
1325 4
1326 5
1327 6
1328 6
1329 6
1330 3
1331 6
1332 6
1333 4
1334 4
1335 6
1336 4
1337 5
1338 4
1339 0
1340 4
1341 4
1342 7
1343 5
1344 5
1345 2
1346 5
1347 5
1348 7
1349 3
1350 5
1351 1
1352 8
1353 7
1354 4
1355 4
1356 2
1357 5
1358 9
1359 1
1360 9
1361 4
1362 4
1363 7
1364 4
1365 3
1366 4
1367 3
1368 7
1369 10
1370 6
1371 4
1372 6
1373 2
1374 3
1375 7
1376 5
1377 9
1378 3
1379 7
1380 3
1381 2
1382 6
1383 1
1384 3
1385 7
1386 7
1387 6
1388 6
1389 3
1390 8
1391 2
1392 5
1393 4
1394 5
1395 8
1396 4
1397 5
1398 5
1399 2
1400 1
1401 9
1402 5
1403 10
1404 6
1405 7
1406 8
1407 3
1408 5
1409 8
1410 7
1411 4
1412 9
1413 3
1414 3
1415 4
1416 8
1417 3
1418 8
1419 2
1420 6
1421 4
1422 4
1423 4
1424 4
1425 6
1426 3
1427 6
1428 5
1429 1
1430 4
1431 3
1432 3
1433 8
1434 9
1435 7
1436 4
1437 7
1438 4
1439 7
1440 5
1441 4
1442 5
1443 1
1444 5
1445 3
1446 4
1447 2
1448 6
1449 1
1450 2
1451 4
1452 4
1453 0
1454 3
1455 5
1456 2
1457 7
1458 6
1459 2
1460 5
1461 7
1462 3
1463 4
1464 4
1465 4
1466 3
1467 6
1468 3
1469 8
1470 5
1471 7
1472 3
1473 6
1474 3
1475 6
1476 7
1477 6
1478 5
1479 7
1480 5
1481 9
1482 5
1483 4
1484 4
1485 4
1486 11
1487 4
1488 3
1489 5
1490 4
1491 4
1492 3
1493 4
1494 3
1495 0
1496 4
1497 3
1498 9
1499 6
1500 5
1501 3
1502 6
1503 2
1504 7
1505 6
1506 6
1507 6
1508 7
1509 5
1510 9
1511 6
1512 3
1513 10
1514 1
1515 6
1516 3
1517 8
1518 5
1519 4
1520 5
1521 5
1522 3
1523 7
1524 3
1525 9
1526 3
1527 5
1528 8
1529 2
1530 2
1531 4
1532 3
1533 3
1534 4
1535 3
1536 2
1537 5
1538 3
1539 4
1540 2
1541 6
1542 5
1543 7
1544 3
1545 4
1546 8
1547 1
1548 4
1549 3
1550 2
1551 6
1552 6
1553 6
1554 2
1555 3
1556 6
1557 5
1558 5
1559 5
1560 6
1561 5
1562 11
1563 4
1564 3
1565 7
1566 4
1567 9
1568 5
1569 3
1570 1
1571 8
1572 4
1573 4
1574 7
1575 5
1576 5
1577 3
1578 4
1579 6
1580 0
1581 1
1582 3
1583 5
1584 4
1585 4
1586 3
1587 7
1588 5
1589 4
1590 2
1591 3
1592 7
1593 3
1594 3
1595 5
1596 3
1597 7
1598 3
1599 6
1600 8
1601 3
1602 5
1603 5
1604 7
1605 9
1606 2
1607 4
1608 5
1609 7
1610 3
1611 9
1612 2
1613 4
1614 5
1615 5
1616 1
1617 6
1618 7
1619 6
1620 3
1621 5
1622 4
1623 7
1624 4
1625 9
1626 6
1627 10
1628 8
1629 1
1630 6
1631 4
1632 6
1633 1
1634 3
1635 4
1636 5
1637 3
1638 5
1639 6
1640 0
1641 4
1642 6
1643 5
1644 9
1645 6
1646 3
1647 4
1648 5
1649 2
1650 6
1651 8
1652 6
1653 6
1654 9
1655 6
1656 5
1657 8
1658 12
1659 5
1660 7
1661 4
1662 6
1663 3
1664 3
1665 3
1666 5
1667 5
1668 4
1669 5
1670 7
1671 5
1672 3
1673 2
1674 6
1675 7
1676 3
1677 5
1678 5
1679 4
1680 5
1681 4
1682 6
1683 5
1684 8
1685 1
1686 5
1687 6
1688 3
1689 2
1690 9
1691 6
1692 5
1693 5
1694 3
1695 4
1696 6
1697 5
1698 6
1699 7
1700 5
1701 6
1702 4
1703 4
1704 3
1705 11
1706 3
1707 2
1708 2
1709 8
1710 2
1711 9
1712 4
1713 10
1714 3
1715 2
1716 5
1717 5
1718 4
1719 7
1720 2
1721 6
1722 4
1723 4
1724 4
1725 5
1726 5
1727 4
1728 2
1729 5
1730 6
1731 6
1732 3
1733 3
1734 4
1735 5
1736 3
1737 10
1738 3
1739 8
1740 8
1741 4
1742 5
1743 7
1744 8
1745 5
1746 8
1747 4
1748 8
1749 6
1750 4
1751 4
1752 6
1753 5
1754 3
1755 3
1756 7
1757 2
1758 6
1759 8
1760 8
1761 4
1762 3
1763 7
1764 3
1765 5
1766 6
1767 3
1768 4
1769 8
1770 4
1771 9
1772 5
1773 10
1774 3
1775 5
1776 7
1777 6
1778 2
1779 8
1780 4
1781 7
1782 0
1783 9
1784 4
1785 4
1786 4
1787 4
1788 6
1789 6
1790 5
1791 3
1792 10
1793 6
1794 9
1795 4
1796 6
1797 4
1798 3
1799 5
1800 2
1801 4
1802 6
1803 5
1804 5
1805 4
1806 3
1807 4
1808 5
1809 4
1810 4
1811 7
1812 7
1813 8
1814 9
1815 9
1816 0
1817 7
1818 10
1819 6
1820 8
1821 6
1822 7
1823 5
1824 6
1825 7
1826 4
1827 5
1828 4
1829 6
1830 2
1831 2
1832 5
1833 4
1834 7
1835 9
1836 4
1837 6
1838 3
1839 7
1840 2
1841 2
1842 5
1843 8
1844 4
1845 4
1846 6
1847 4
1848 6
1849 7
1850 8
1851 7
1852 4
1853 0
1854 1
1855 4
1856 9
1857 4
1858 2
1859 2
1860 3
1861 4
1862 2
1863 5
1864 6
1865 7
1866 3
1867 7
1868 5
1869 5
1870 9
1871 5
1872 7
1873 6
1874 6
1875 5
1876 6
1877 3
1878 4
1879 6
1880 6
1881 7
1882 8
1883 4
1884 4
1885 4
1886 8
1887 9
1888 10
1889 8
1890 5
1891 2
1892 3
1893 3
1894 6
1895 5
1896 2
1897 9
1898 7
1899 3
1900 4
1901 10
1902 4
1903 8
1904 8
1905 2
1906 8
1907 5
1908 3
1909 3
1910 7
1911 2
1912 7
1913 4
1914 2
1915 3
1916 6
1917 3
1918 2
1919 7
1920 1
1921 7
1922 5
1923 6
1924 3
1925 6
1926 6
1927 9
1928 6
1929 0
1930 3
1931 5
1932 6
1933 3
1934 1
1935 5
1936 7
1937 7
1938 1
1939 6
1940 6
1941 1
1942 7
1943 9
1944 5
1945 8
1946 7
1947 11
1948 5
1949 5
1950 8
1951 5
1952 4
1953 4
1954 5
1955 3
1956 3
1957 6
1958 9
1959 4
1960 5
1961 5
1962 7
1963 4
1964 6
1965 1
1966 5
1967 11
1968 6
1969 5
1970 0
1971 4
1972 9
1973 2
1974 8
1975 8
1976 2
1977 3
1978 4
1979 6
1980 8
1981 4
1982 6
1983 6
1984 4
1985 9
1986 4
1987 4
1988 9
1989 8
1990 7
1991 3
1992 5
1993 3
1994 6
1995 7
1996 5
1997 6
1998 2
1999 5
2000 4
2001 4
2002 6
2003 6
2004 5
2005 5
2006 7
2007 8
2008 8
2009 10
2010 3
