0 7
1 2
2 5
3 3
4 7
5 3
6 5
7 4
8 7
9 3
10 4
11 3
12 5
13 4
14 7
15 5
16 5
17 2
18 3
19 8
20 11
21 4
22 5
23 1
24 5
25 4
26 9
27 15
28 1
29 6
30 5
31 1
32 6
33 4
34 4
35 6
36 9
37 6
38 4
39 3
40 5
41 6
42 6
43 8
44 2
45 3
46 5
47 4
48 9
49 4
50 6
51 4
52 8
53 6
54 5
55 9
56 5
57 5
58 8
59 1
60 9
61 3
62 3
63 7
64 5
65 4
66 4
67 3
68 4
69 7
70 3
71 3
72 8
73 4
74 4
75 1
76 7
77 5
78 4
79 4
80 7
81 4
82 6
83 6
84 9
85 2
86 4
87 6
88 6
89 3
90 6
91 3
92 4
93 2
94 5
95 5
96 3
97 5
98 4
99 5
100 8
101 8
102 9
103 9
104 7
105 9
106 5
107 6
108 6
109 5
110 7
111 5
112 5
113 9
114 4
115 7
116 4
117 3
118 4
119 2
120 8
121 7
122 2
123 9
124 4
125 4
126 5
127 3
128 2
129 8
130 7
131 6
132 7
133 7
134 6
135 10
136 7
137 9
138 5
139 5
140 4
141 7
142 9
143 5
144 3
145 6
146 3
147 5
148 7
149 4
150 3
151 8
152 6
153 8
154 4
155 8
156 5
157 10
158 1
159 2
160 3
161 6
162 7
163 5
164 9
165 7
166 11
167 2
168 7
169 8
170 7
171 4
172 7
173 6
174 4
175 5
176 4
177 8
178 3
179 5
180 11
181 6
182 7
183 5
184 4
185 5
186 3
187 10
188 4
189 7
190 6
191 9
192 5
193 10
194 2
195 7
196 7
197 2
198 5
199 5
200 5
201 7
202 8
203 7
204 13
205 5
206 2
207 3
208 4
209 7
210 7
211 16
212 7
213 8
214 9
215 7
216 8
217 9
218 9
219 11
220 7
221 6
222 4
223 7
224 6
225 9
226 0
227 3
228 7
229 7
230 7
231 8
232 5
233 10
234 3
235 5
236 5
237 10
238 5
239 5
240 5
241 7
242 4
243 7
244 8
245 5
246 6
247 8
248 5
249 8
250 4
251 11
252 4
253 10
254 8
255 8
256 10
257 10
258 11
259 8
260 12
261 11
262 8
263 12
264 7
265 13
266 10
267 14
268 9
269 7
270 7
271 11
272 12
273 13
274 10
275 19
276 14
277 10
278 15
279 8
280 10
281 11
282 17
283 17
284 15
285 8
286 6
287 14
288 9
289 9
290 9
291 10
292 11
293 18
294 15
295 9
296 9
297 8
298 6
299 13
300 17
301 6
302 11
303 11
304 10
305 8
306 11
307 7
308 16
309 4
310 12
311 5
312 9
313 6
314 13
315 9
316 9
317 10
318 13
319 11
320 8
321 10
322 10
323 9
324 10
325 5
326 5
327 9
328 6
329 8
330 7
331 11
332 5
333 6
334 10
335 10
336 4
337 10
338 3
339 6
340 10
341 9
342 7
343 10
344 6
345 8
346 3
347 7
348 8
349 13
350 6
351 7
352 8
353 7
354 8
355 12
356 9
357 10
358 8
359 8
360 4
361 8
362 8
363 15
364 10
365 11
366 9
367 4
368 11
369 10
370 10
371 16
372 9
373 8
374 10
375 7
376 4
377 11
378 10
379 6
380 7
381 9
382 10
383 6
384 7
385 2
386 6
387 3
388 6
389 5
390 7
391 7
392 5
393 4
394 4
395 5
396 10
397 6
398 6
399 1
400 3
401 3
402 4
403 9
404 8
405 4
406 5
407 5
408 8
409 5
410 4
411 6
412 6
413 8
414 7
415 4
416 4
417 3
418 10
419 4
420 4
421 5
422 3
423 7
424 2
425 5
426 7
427 6
428 3
429 7
430 7
431 7
432 3
433 5
434 3
435 6
436 4
437 6
438 3
439 7
440 5
441 7
442 5
443 2
444 12
445 7
446 6
447 6
448 8
449 3
450 5
451 10
452 3
453 5
454 3
455 5
456 5
457 2
458 10
459 7
460 6
461 3
462 5
463 10
464 5
465 6
466 8
467 8
468 5
469 7
470 7
471 3
472 1
473 8
474 3
475 5
476 3
477 7
478 6
479 3
480 4
481 2
482 2
483 6
484 4
485 2
486 10
487 8
488 6
489 4
490 4
491 4
492 4
493 1
494 3
495 1
496 4
497 4
498 5
499 5
500 5
501 2
502 6
503 6
504 9
505 5
506 5
507 4
508 8
509 4
510 1
511 2
512 10
513 10
514 13
515 12
516 18
517 14
518 16
519 16
520 8
521 17
522 18
523 11
524 8
525 14
526 16
527 16
528 12
529 10
530 11
531 14
532 14
533 11
534 17
535 16
536 14
537 15
538 10
539 16
540 17
541 9
542 8
543 10
544 13
545 13
546 9
547 12
548 12
549 15
550 10
551 6
552 11
553 20
554 8
555 9
556 10
557 19
558 15
559 22
560 12
561 17
562 10
563 12
564 10
565 14
566 12
567 14
568 6
569 17
570 7
571 15
572 8
573 26
574 11
575 15
576 7
577 20
578 5
579 9
580 12
581 14
582 15
583 16
584 15
585 16
586 18
587 13
588 17
589 21
590 20
591 10
592 13
593 16
594 18
595 15
596 9
597 13
598 11
599 11
600 12
601 15
602 14
603 18
604 13
605 10
606 6
607 19
608 14
609 21
610 13
611 12
612 14
613 17
614 12
615 8
616 12
617 27
618 9
619 13
620 9
621 16
622 16
623 8
624 17
625 18
626 9
627 10
628 13
629 11
630 11
631 12
632 10
633 25
634 11
635 8
636 11
637 14
638 4
639 15
640 4
641 9
642 7
643 9
644 15
645 13
646 11
647 8
648 10
649 13
650 12
651 12
652 8
653 6
654 6
655 14
656 8
657 13
658 9
659 13
660 12
661 7
662 13
663 13
664 9
665 19
666 12
667 17
668 9
669 15
670 11
671 8
672 10
673 13
674 11
675 15
676 10
677 16
678 6
679 12
680 10
681 20
682 9
683 18
684 10
685 7
686 8
687 12
688 14
689 13
690 13
691 16
692 7
693 11
694 7
695 12
696 10
697 11
698 10
699 12
700 9
701 13
702 11
703 11
704 4
705 9
706 3
707 8
708 2
709 3
710 5
711 8
712 4
713 7
714 11
715 10
716 5
717 7
718 5
719 6
720 6
721 2
722 4
723 9
724 7
725 8
726 6
727 10
728 2
729 10
730 5
731 9
732 5
733 3
734 8
735 8
736 7
737 3
738 1
739 8
740 3
741 11
742 5
743 10
744 9
745 4
746 5
747 11
748 7
749 8
750 4
751 4
752 6
753 10
754 5
755 7
756 6
757 6
758 7
759 6
760 7
761 5
762 4
763 8
764 5
765 8
766 7
767 7
768 4
769 8
770 4
771 2
772 5
773 3
774 7
775 4
776 6
777 2
778 4
779 8
780 4
781 8
782 6
783 2
784 7
785 6
786 7
787 5
788 2
789 3
790 3
791 4
792 5
793 7
794 6
795 11
796 3
797 4
798 7
799 2
800 2
801 3
802 2
803 3
804 5
805 3
806 2
807 5
808 5
809 12
810 4
811 4
812 7
813 4
814 0
815 8
816 5
817 3
818 5
819 5
820 5
821 4
822 6
823 4
824 4
825 5
826 4
827 4
828 4
829 1
830 6
831 5
832 5
833 5
834 5
835 5
836 5
837 7
838 1
839 4
840 3
841 2
842 5
843 4
844 1
845 5
846 7
847 1
848 5
849 0
850 2
851 5
852 5
853 3
854 8
855 2
856 7
857 4
858 5
859 5
860 8
861 4
862 4
863 9
864 4
865 5
866 3
867 8
868 11
869 3
870 4
871 2
872 3
873 11
874 4
875 6
876 4
877 6
878 0
879 1
880 6
881 1
882 3
883 5
884 6
885 2
886 5
887 7
888 2
889 2
890 3
891 5
892 0
893 3
894 1
895 5
896 1
897 3
898 6
899 5
900 4
901 4
902 4
903 4
904 2
905 5
906 3
907 8
908 1
909 4
910 0
911 9
912 3
913 4
914 2
915 8
916 5
917 2
918 3
919 5
920 4
921 5
922 3
923 4
924 5
925 3
926 4
927 3
928 2
929 4
930 6
931 2
932 2
933 4
934 2
935 3
936 2
937 7
938 3
939 3
940 3
941 4
942 3
943 4
944 11
945 5
946 2
947 1
948 3
949 2
950 5
951 1
952 3
953 4
954 4
955 4
956 2
957 1
958 3
959 5
960 5
961 4
962 4
963 4
964 1
965 2
966 7
967 2
968 6
969 5
970 2
971 2
972 5
973 1
974 2
975 3
976 2
977 1
978 3
979 2
980 5
981 6
982 1
983 1
984 3
985 10
986 3
987 5
988 5
989 3
990 4
991 7
992 3
993 9
994 0
995 5
996 3
997 2
998 1
999 3
1000 4
1001 8
1002 4
1003 7
1004 4
1005 5
1006 2
1007 4
1008 6
1009 5
1010 2
1011 5
1012 3
1013 3
1014 6
1015 0
1016 0
1017 5
1018 1
1019 2
1020 5
1021 5
1022 2
1023 6
1024 4
1025 11
1026 6
1027 13
1028 5
1029 15
1030 4
1031 9
1032 9
1033 5
1034 4
1035 11
1036 8
1037 10
1038 7
1039 11
1040 7
1041 11
1042 4
1043 13
1044 6
1045 4
1046 11
1047 10
1048 9
1049 13
1050 5
1051 12
1052 4
1053 13
1054 10
1055 17
1056 6
1057 12
1058 6
1059 9
1060 6
1061 17
1062 4
1063 19
1064 8
1065 17
1066 13
1067 9
1068 9
1069 12
1070 12
1071 11
1072 9
1073 11
1074 4
1075 14
1076 6
1077 11
1078 5
1079 15
1080 5
1081 16
1082 6
1083 12
1084 6
1085 13
1086 12
1087 14
1088 5
1089 17
1090 7
1091 12
1092 6
1093 13
1094 8
1095 13
1096 13
1097 11
1098 5
1099 13
1100 5
1101 12
1102 9
1103 10
1104 6
1105 13
1106 4
1107 14
1108 6
1109 12
1110 4
1111 13
1112 8
1113 17
1114 6
1115 10
1116 9
1117 11
1118 7
1119 5
1120 5
1121 13
1122 10
1123 9
1124 7
1125 8
1126 10
1127 10
1128 7
1129 17
1130 4
1131 11
1132 8
1133 11
1134 2
1135 15
1136 9
1137 13
1138 8
1139 14
1140 10
1141 6
1142 10
1143 14
1144 7
1145 15
1146 3
1147 13
1148 5
1149 12
1150 5
1151 18
1152 8
1153 11
1154 5
1155 9
1156 2
1157 11
1158 3
1159 6
1160 10
1161 19
1162 8
1163 15
1164 10
1165 15
1166 3
1167 11
1168 8
1169 15
1170 4
1171 13
1172 6
1173 16
1174 7
1175 16
1176 8
1177 20
1178 7
1179 16
1180 2
1181 18
1182 7
1183 18
1184 3
1185 9
1186 3
1187 10
1188 9
1189 8
1190 8
1191 17
1192 4
1193 25
1194 6
1195 10
1196 4
1197 16
1198 4
1199 15
1200 5
1201 13
1202 4
1203 12
1204 4
1205 22
1206 7
1207 6
1208 8
1209 12
1210 5
1211 9
1212 7
1213 9
1214 4
1215 10
1216 6
1217 10
1218 3
1219 10
1220 2
1221 15
1222 8
1223 11
1224 2
1225 13
1226 7
1227 18
1228 6
1229 12
1230 6
1231 9
1232 7
1233 17
1234 3
1235 10
1236 7
1237 8
1238 6
1239 19
1240 3
1241 16
1242 8
1243 5
1244 10
1245 17
1246 3
1247 16
1248 6
1249 20
1250 6
1251 16
1252 4
1253 17
1254 11
1255 19
1256 8
1257 20
1258 4
1259 9
1260 7
1261 15
1262 5
1263 16
1264 7
1265 18
1266 9
1267 10
1268 5
1269 12
1270 9
1271 5
1272 3
1273 15
1274 11
1275 11
1276 9
1277 5
1278 7
1279 16
1280 5
1281 11
1282 5
1283 5
1284 7
1285 11
1286 10
1287 10
1288 8
1289 18
1290 7
1291 10
1292 4
1293 10
1294 1
1295 14
1296 7
1297 8
1298 8
1299 10
1300 8
1301 11
1302 5
1303 5
1304 6
1305 10
1306 5
1307 10
1308 4
1309 10
1310 7
1311 13
1312 7
1313 14
1314 4
1315 15
1316 6
1317 10
1318 5
1319 8
1320 5
1321 13
1322 4
1323 8
1324 4
1325 12
1326 5
1327 12
1328 5
1329 12
1330 2
1331 7
1332 9
1333 15
1334 3
1335 13
1336 4
1337 17
1338 6
1339 7
1340 5
1341 13
1342 5
1343 11
1344 15
1345 14
1346 9
1347 8
1348 5
1349 14
1350 9
1351 18
1352 3
1353 18
1354 4
1355 16
1356 4
1357 9
1358 9
1359 10
1360 7
1361 7
1362 11
1363 13
1364 4
1365 5
1366 4
1367 13
1368 7
1369 17
1370 7
1371 14
1372 7
1373 14
1374 9
1375 14
1376 5
1377 14
1378 3
1379 12
1380 9
1381 7
1382 5
1383 13
1384 5
1385 15
1386 5
1387 10
1388 9
1389 12
1390 6
1391 9
1392 7
1393 14
1394 5
1395 8
1396 9
1397 17
1398 7
1399 12
1400 9
1401 13
1402 6
1403 6
1404 5
1405 9
1406 2
1407 11
1408 3
1409 6
1410 4
1411 7
1412 8
1413 7
1414 2
1415 9
1416 7
1417 14
1418 3
1419 7
1420 4
1421 7
1422 4
1423 10
1424 3
1425 4
1426 4
1427 4
1428 8
1429 7
1430 5
1431 10
1432 5
1433 14
1434 8
1435 3
1436 7
1437 4
1438 4
1439 4
1440 7
1441 5
1442 11
1443 4
1444 3
1445 10
1446 7
1447 8
1448 4
1449 8
1450 5
1451 8
1452 5
1453 5
1454 2
1455 0
1456 4
1457 8
1458 8
1459 4
1460 7
1461 5
1462 6
1463 2
1464 5
1465 2
1466 3
1467 6
1468 4
1469 5
1470 8
1471 3
1472 8
1473 3
1474 3
1475 3
1476 2
1477 7
1478 4
1479 6
1480 2
1481 7
1482 6
1483 6
1484 5
1485 10
1486 5
1487 3
1488 1
1489 6
1490 3
1491 7
1492 1
1493 7
1494 3
1495 2
1496 2
1497 5
1498 6
1499 2
1500 1
1501 2
1502 3
1503 6
1504 3
1505 4
1506 4
1507 6
1508 2
1509 5
1510 4
1511 6
1512 7
1513 8
1514 5
1515 4
1516 1
1517 4
1518 3
1519 4
1520 7
1521 4
1522 5
1523 6
1524 4
1525 3
1526 2
1527 7
1528 4
1529 6
1530 2
1531 3
1532 5
1533 4
1534 8
1535 11
1536 2
1537 6
1538 1
1539 3
1540 1
1541 4
1542 4
1543 2
1544 5
1545 2
1546 1
1547 0
1548 0
1549 1
1550 1
1551 4
1552 5
1553 4
1554 4
1555 3
1556 3
1557 3
1558 4
1559 3
1560 2
1561 5
1562 2
1563 1
1564 7
1565 1
1566 4
1567 3
1568 4
1569 5
1570 2
1571 5
1572 2
1573 2
1574 6
1575 2
1576 5
1577 3
1578 0
1579 5
1580 4
1581 2
1582 3
1583 2
1584 5
1585 2
1586 3
1587 3
1588 1
1589 1
1590 6
1591 2
1592 6
1593 5
1594 1
1595 3
1596 4
1597 5
1598 3
1599 4
1600 5
1601 3
1602 3
1603 2
1604 6
1605 2
1606 0
1607 3
1608 3
1609 4
1610 4
1611 5
1612 1
1613 3
1614 3
1615 4
1616 3
1617 4
1618 2
1619 4
1620 0
1621 1
1622 2
1623 2
1624 5
1625 1
1626 1
1627 5
1628 2
1629 7
1630 7
1631 2
1632 5
1633 6
1634 7
1635 3
1636 3
1637 3
1638 3
1639 4
1640 3
1641 5
1642 2
1643 1
1644 1
1645 4
1646 2
1647 1
1648 6
1649 5
1650 4
1651 5
1652 4
1653 2
1654 2
1655 3
1656 2
1657 4
1658 2
1659 4
1660 0
1661 2
1662 1
1663 3
1664 3
1665 6
1666 3
1667 3
1668 3
1669 6
1670 2
1671 4
1672 6
1673 3
1674 0
1675 4
1676 2
1677 0
1678 2
1679 3
1680 5
1681 1
1682 6
1683 1
1684 4
1685 3
1686 4
1687 2
1688 1
1689 3
1690 2
1691 4
1692 2
1693 7
1694 2
1695 1
1696 4
1697 1
1698 3
1699 4
1700 5
1701 5
1702 2
1703 2
1704 2
1705 10
1706 0
1707 4
1708 0
1709 4
1710 6
1711 3
1712 6
1713 2
1714 2
1715 2
1716 3
1717 3
1718 5
1719 0
1720 4
1721 2
1722 0
1723 3
1724 3
1725 4
1726 5
1727 1
1728 5
1729 5
1730 2
1731 7
1732 1
1733 4
1734 1
1735 8
1736 2
1737 2
1738 3
1739 2
1740 2
1741 1
1742 1
1743 10
1744 2
1745 4
1746 9
1747 5
1748 1
1749 3
1750 1
1751 5
1752 1
1753 3
1754 2
1755 7
1756 7
1757 4
1758 2
1759 1
1760 1
1761 1
1762 2
1763 1
1764 2
1765 5
1766 1
1767 5
1768 1
1769 5
1770 2
1771 6
1772 0
1773 2
1774 2
1775 1
1776 0
1777 1
1778 2
1779 2
1780 4
1781 2
1782 3
1783 6
1784 0
1785 2
1786 1
1787 2
1788 2
1789 4
1790 3
1791 3
1792 4
1793 2
1794 2
1795 0
1796 2
1797 3
1798 4
1799 2
1800 4
1801 2
1802 5
1803 3
1804 5
1805 4
1806 6
1807 4
1808 4
1809 0
1810 1
1811 4
1812 4
1813 5
1814 3
1815 0
1816 1
1817 3
1818 3
1819 2
1820 4
1821 3
1822 6
1823 2
1824 3
1825 3
1826 2
1827 5
1828 5
1829 7
1830 3
1831 1
1832 4
1833 2
1834 2
1835 2
1836 6
1837 3
1838 2
1839 5
1840 7
1841 2
1842 0
1843 3
1844 3
1845 4
1846 4
1847 1
1848 2
1849 1
1850 2
1851 0
1852 1
1853 1
1854 1
1855 3
1856 4
1857 7
1858 2
1859 2
1860 5
1861 5
1862 2
1863 3
1864 3
1865 5
1866 4
1867 1
1868 1
1869 0
1870 1
1871 6
1872 2
1873 1
1874 2
1875 3
1876 4
1877 4
1878 4
1879 2
1880 0
1881 3
1882 3
1883 1
1884 1
1885 3
1886 4
1887 1
1888 4
1889 1
1890 3
1891 1
1892 3
1893 1
1894 5
1895 5
1896 2
1897 2
1898 1
1899 4
1900 2
1901 2
1902 2
1903 3
1904 8
1905 2
1906 5
1907 4
1908 2
1909 3
1910 1
1911 3
1912 4
1913 2
1914 1
1915 6
1916 0
1917 0
1918 2
1919 1
1920 4
1921 3
1922 2
1923 6
1924 5
1925 2
1926 3
1927 3
1928 4
1929 4
1930 4
1931 1
1932 4
1933 4
1934 4
1935 1
1936 1
1937 1
1938 4
1939 1
1940 1
1941 5
1942 5
1943 1
1944 3
1945 4
1946 2
1947 2
1948 1
1949 5
1950 2
1951 2
1952 5
1953 3
1954 2
1955 2
1956 3
1957 6
1958 1
1959 1
1960 4
1961 3
1962 3
1963 7
1964 0
1965 0
1966 1
1967 3
1968 4
1969 1
1970 1
1971 4
1972 1
1973 4
1974 4
1975 1
1976 1
1977 2
1978 4
1979 4
1980 3
1981 1
1982 3
1983 6
1984 0
1985 2
1986 1
1987 2
1988 0
1989 6
1990 0
1991 5
1992 3
1993 3
1994 1
1995 4
1996 1
1997 2
1998 1
1999 0
2000 5
2001 4
2002 3
2003 2
2004 0
2005 2
2006 5
2007 0
2008 2
2009 3
2010 1
2011 4
2012 2
2013 2
2014 3
2015 1
2016 5
2017 2
2018 3
2019 1
2020 2
2021 5
2022 2
2023 5
2024 4
2025 2
2026 4
2027 1
2028 2
2029 3
2030 0
2031 2
2032 3
2033 3
2034 5
2035 4
2036 2
2037 2
2038 4
2039 4
2040 5
2041 3
2042 0
2043 1
2044 0
2045 4
2046 1
2047 0
2048 7
2049 9
2050 4
2051 4
2052 7
2053 12
2054 10
2055 4
2056 9
2057 6
2058 6
2059 8
2060 1
2061 9
2062 6
2063 5
2064 7
2065 8
2066 8
2067 8
2068 3
2069 6
2070 4
2071 7
2072 8
2073 5
2074 3
2075 7
2076 8
2077 6
2078 2
2079 1
2080 9
2081 5
2082 4
2083 13
2084 3
2085 5
2086 5
2087 3
2088 4
2089 4
2090 8
2091 3
2092 4
2093 12
2094 10
2095 6
2096 3
2097 10
2098 3
2099 11
2100 7
2101 12
2102 6
2103 3
2104 2
2105 6
2106 6
2107 8
2108 3
2109 11
2110 4
2111 7
2112 6
2113 9
2114 1
2115 10
2116 4
2117 5
2118 3
2119 6
2120 8
2121 5
2122 7
2123 4
2124 11
2125 9
2126 3
2127 10
2128 5
2129 7
2130 5
2131 12
2132 4
2133 6
2134 4
2135 7
2136 3
2137 11
2138 5
2139 5
2140 4
2141 12
2142 7
2143 10
2144 6
2145 1
2146 6
2147 9
2148 4
2149 11
2150 6
2151 2
2152 4
2153 7
2154 6
2155 7
2156 6
2157 11
2158 7
2159 12
2160 4
2161 8
2162 4
2163 7
2164 5
2165 7
2166 12
2167 6
2168 6
2169 7
2170 6
2171 9
2172 3
2173 4
2174 6
2175 11
2176 3
2177 5
2178 7
2179 12
2180 3
2181 7
2182 4
2183 8
2184 3
2185 5
2186 10
2187 2
2188 1
2189 5
2190 7
2191 10
2192 9
2193 9
2194 10
2195 9
2196 4
2197 9
2198 5
2199 7
2200 2
2201 5
2202 7
2203 8
2204 1
2205 21
2206 9
2207 9
2208 6
2209 6
2210 7
2211 8
2212 6
2213 11
2214 5
2215 3
2216 2
2217 7
2218 4
2219 7
2220 4
2221 7
2222 4
2223 5
2224 3
2225 6
2226 4
2227 2
2228 4
2229 6
2230 7
2231 6
2232 4
2233 4
2234 8
2235 9
2236 1
2237 7
2238 8
2239 10
2240 6
2241 12
2242 8
2243 6
2244 7
2245 6
2246 7
2247 9
2248 5
2249 6
2250 8
2251 5
2252 7
2253 13
2254 4
2255 6
2256 7
2257 5
2258 7
2259 8
2260 4
2261 15
2262 3
2263 9
2264 5
2265 4
2266 7
2267 8
2268 7
2269 5
2270 11
2271 12
2272 5
2273 12
2274 10
2275 10
2276 2
2277 11
2278 9
2279 8
2280 2
2281 10
2282 6
2283 8
2284 4
2285 7
2286 7
2287 8
2288 5
2289 8
2290 2
2291 8
2292 3
2293 5
2294 4
2295 9
2296 5
2297 6
2298 4
2299 5
2300 3
2301 8
2302 6
2303 8
2304 5
2305 6
2306 0
2307 6
2308 4
2309 7
2310 6
2311 4
2312 2
2313 4
2314 9
2315 8
2316 3
2317 3
2318 8
2319 5
2320 5
2321 9
2322 5
2323 7
2324 2
2325 8
2326 6
2327 5
2328 2
2329 8
2330 4
2331 3
2332 3
2333 14
2334 3
2335 10
2336 8
2337 7
2338 6
2339 6
2340 7
2341 10
2342 5
2343 5
2344 5
2345 5
2346 2
2347 7
2348 5
2349 8
2350 4
2351 6
2352 2
2353 7
2354 4
2355 7
2356 2
2357 6
2358 5
2359 5
2360 2
2361 6
2362 1
2363 9
2364 4
2365 10
2366 9
2367 7
2368 7
2369 8
2370 8
2371 3
2372 4
2373 6
2374 5
2375 4
2376 1
2377 4
2378 9
2379 4
2380 7
2381 8
2382 10
2383 4
2384 6
2385 7
2386 8
2387 11
2388 2
2389 6
2390 2
2391 7
2392 5
2393 7
2394 6
2395 6
2396 2
2397 7
2398 10
2399 5
2400 4
2401 10
2402 4
2403 5
2404 3
2405 9
2406 7
2407 9
2408 5
2409 6
2410 7
2411 4
2412 2
2413 6
2414 8
2415 9
2416 4
2417 3
2418 5
2419 4
2420 5
2421 10
2422 8
2423 7
2424 3
2425 4
2426 2
2427 5
2428 4
2429 7
2430 6
2431 7
2432 2
2433 7
2434 5
2435 8
2436 8
2437 6
2438 6
2439 5
2440 1
2441 6
2442 9
2443 7
2444 4
2445 8
2446 6
2447 4
2448 4
2449 13
2450 5
2451 4
2452 1
2453 5
2454 8
2455 12
2456 6
2457 4
2458 6
2459 5
2460 5
2461 6
2462 3
2463 6
2464 4
2465 12
2466 4
2467 10
2468 11
2469 6
2470 3
2471 5
2472 4
2473 11
2474 2
2475 8
2476 2
2477 12
2478 3
2479 11
2480 4
2481 7
2482 4
2483 6
2484 6
2485 7
2486 14
2487 4
2488 5
2489 9
2490 8
2491 9
2492 7
2493 6
2494 10
2495 12
2496 4
2497 6
2498 4
2499 7
2500 4
2501 6
2502 5
2503 8
2504 3
2505 4
2506 5
2507 9
2508 8
2509 10
2510 7
2511 11
2512 4
2513 8
2514 6
2515 6
2516 6
2517 7
2518 9
2519 9
2520 3
2521 8
2522 7
2523 6
2524 5
2525 10
2526 8
2527 10
2528 5
2529 5
2530 3
2531 3
2532 3
2533 6
2534 3
2535 7
2536 4
2537 14
2538 3
2539 9
2540 5
2541 5
2542 4
2543 10
2544 9
2545 8
2546 5
2547 7
2548 3
2549 7
2550 5
2551 8
2552 2
2553 3
2554 5
2555 5
2556 5
2557 9
2558 7
2559 7
2560 9
2561 7
2562 3
2563 6
2564 7
2565 9
2566 2
2567 6
2568 1
2569 7
2570 9
2571 4
2572 1
2573 6
2574 8
2575 3
2576 3
2577 6
2578 4
2579 10
2580 4
2581 7
2582 5
2583 5
2584 1
2585 5
2586 4
2587 6
2588 4
2589 7
2590 9
2591 9
2592 2
2593 6
2594 9
2595 5
2596 4
2597 8
2598 11
2599 8
2600 4
2601 6
2602 3
2603 6
2604 4
2605 7
2606 3
2607 8
2608 4
2609 5
2610 3
2611 8
2612 3
2613 9
2614 5
2615 8
2616 4
2617 4
2618 4
2619 6
2620 3
2621 6
2622 8
2623 8
2624 8
2625 6
2626 5
2627 5
2628 3
2629 4
2630 4
2631 4
2632 6
2633 5
2634 10
2635 10
2636 3
2637 6
2638 7
2639 4
2640 2
2641 9
2642 5
2643 7
2644 7
2645 7
2646 5
2647 7
2648 3
2649 9
2650 10
2651 7
2652 6
2653 4
2654 7
2655 9
2656 6
2657 9
2658 5
2659 5
2660 7
2661 8
2662 2
2663 12
2664 4
2665 6
2666 5
2667 5
2668 7
2669 6
2670 6
2671 4
2672 7
2673 11
2674 3
2675 5
2676 2
2677 11
2678 12
2679 10
2680 6
2681 8
2682 9
2683 7
2684 5
2685 9
2686 9
2687 7
2688 5
2689 10
2690 6
2691 6
2692 4
2693 6
2694 6
2695 5
2696 4
2697 10
2698 9
2699 9
2700 11
2701 15
2702 11
2703 12
2704 11
2705 6
2706 3
2707 2
2708 5
2709 14
2710 2
2711 8
2712 2
2713 3
2714 9
2715 8
2716 8
2717 6
2718 11
2719 5
2720 7
2721 5
2722 11
2723 4
2724 3
2725 9
2726 5
2727 8
2728 5
2729 11
2730 3
2731 7
2732 7
2733 4
2734 3
2735 6
2736 7
2737 5
2738 9
2739 5
2740 5
2741 7
2742 4
2743 12
2744 4
2745 6
2746 3
2747 6
2748 5
2749 6
2750 6
2751 9
2752 5
2753 11
2754 8
2755 8
2756 5
2757 6
2758 6
2759 8
2760 8
2761 5
2762 9
2763 12
2764 6
2765 4
2766 5
2767 8
2768 7
2769 6
2770 9
2771 3
2772 1
2773 4
2774 5
2775 12
2776 2
2777 8
2778 8
2779 4
2780 1
2781 11
2782 9
2783 11
2784 6
2785 9
2786 6
2787 4
2788 4
2789 5
2790 6
2791 7
2792 6
2793 8
2794 9
2795 6
2796 4
2797 3
2798 4
2799 10
2800 7
2801 7
2802 10
2803 7
2804 6
2805 9
2806 6
2807 7
2808 7
2809 4
2810 5
2811 6
2812 4
2813 11
2814 7
2815 5
2816 3
2817 3
2818 8
2819 2
2820 2
2821 9
2822 3
2823 4
2824 0
2825 2
2826 2
2827 4
2828 5
2829 4
2830 6
2831 6
2832 6
2833 2
2834 1
2835 7
2836 1
2837 7
2838 1
2839 6
2840 2
2841 2
2842 4
2843 2
2844 5
2845 7
2846 2
2847 2
2848 3
2849 5
2850 2
2851 15
2852 2
2853 8
2854 3
2855 6
2856 4
2857 4
2858 3
2859 2
2860 1
2861 8
2862 5
2863 4
2864 5
2865 5
2866 3
2867 1
2868 2
2869 4
2870 1
2871 5
2872 2
2873 11
2874 3
2875 4
2876 4
2877 12
2878 4
2879 7
2880 2
2881 7
2882 6
2883 4
2884 3
2885 0
2886 5
2887 5
2888 2
2889 9
2890 3
2891 5
2892 2
2893 9
2894 10
2895 5
2896 2
2897 7
2898 3
2899 4
2900 1
2901 1
2902 11
2903 6
2904 2
2905 4
2906 2
2907 5
2908 5
2909 4
2910 4
2911 3
2912 4
2913 3
2914 4
2915 4
2916 4
2917 4
2918 4
2919 3
2920 2
2921 5
2922 2
2923 2
2924 2
2925 3
2926 3
2927 10
2928 2
2929 6
2930 6
2931 4
2932 7
2933 5
2934 6
2935 5
2936 2
2937 3
2938 7
2939 8
2940 2
2941 5
2942 2
2943 3
2944 1
2945 5
2946 3
2947 2
2948 3
2949 3
2950 3
2951 4
2952 6
2953 2
2954 4
2955 2
2956 4
2957 6
2958 6
2959 2
2960 5
2961 4
2962 3
2963 0
2964 1
2965 3
2966 4
2967 5
2968 2
2969 2
2970 5
2971 2
2972 4
2973 5
2974 4
2975 5
2976 4
2977 2
2978 6
2979 6
2980 2
2981 4
2982 6
2983 8
2984 3
2985 1
2986 1
2987 2
2988 2
2989 3
2990 3
2991 6
2992 3
2993 5
2994 4
2995 4
2996 4
2997 4
2998 3
2999 2
3000 2
3001 5
3002 2
3003 1
3004 5
3005 9
3006 2
3007 4
3008 5
3009 1
3010 5
3011 5
3012 2
3013 1
3014 5
3015 4
3016 4
3017 6
3018 2
3019 5
3020 2
3021 5
3022 4
3023 3
3024 3
3025 4
3026 3
3027 4
3028 2
3029 4
3030 3
3031 5
3032 1
3033 4
3034 3
3035 1
3036 5
3037 3
3038 4
3039 5
3040 3
3041 3
3042 1
3043 2
3044 1
3045 4
3046 3
3047 3
3048 3
3049 2
3050 1
3051 2
3052 3
3053 3
3054 2
3055 4
3056 3
3057 7
3058 2
3059 4
3060 3
3061 6
3062 3
3063 4
3064 2
3065 5
3066 2
3067 2
3068 3
3069 3
3070 6
3071 6
3072 3
3073 1
3074 3
3075 5
3076 1
3077 0
3078 8
3079 2
3080 3
3081 4
3082 2
3083 4
3084 1
3085 2
3086 2
3087 2
3088 3
3089 3
3090 2
3091 4
3092 1
3093 3
3094 0
3095 1
3096 2
3097 0
3098 4
3099 2
3100 6
3101 3
3102 2
3103 1
3104 1
3105 5
3106 2
3107 1
3108 1
3109 3
3110 2
3111 4
3112 4
3113 3
3114 4
3115 2
3116 3
3117 4
3118 2
3119 3
3120 6
3121 3
3122 0
3123 2
3124 1
3125 1
3126 5
3127 0
3128 1
3129 2
3130 1
3131 3
3132 2
3133 7
3134 1
3135 2
3136 4
3137 4
3138 1
3139 3
3140 1
3141 7
3142 0
3143 3
3144 1
3145 4
3146 3
3147 4
3148 1
3149 1
3150 1
3151 3
3152 4
3153 3
3154 2
3155 5
3156 3
3157 7
3158 2
3159 1
3160 2
3161 2
3162 5
3163 2
3164 4
3165 0
3166 3
3167 1
3168 1
3169 3
3170 5
3171 3
3172 6
3173 5
3174 1
3175 3
3176 2
3177 4
3178 4
3179 2
3180 4
3181 1
3182 1
3183 1
3184 3
3185 2
3186 3
3187 2
3188 3
3189 1
3190 4
3191 4
3192 3
3193 2
3194 0
3195 9
3196 0
3197 4
3198 6
3199 3
3200 5
3201 2
3202 3
3203 6
3204 4
3205 4
3206 5
3207 1
3208 3
3209 4
3210 2
3211 2
3212 5
3213 2
3214 1
3215 2
3216 5
3217 4
3218 1
3219 1
3220 2
3221 3
3222 1
3223 4
3224 4
3225 4
3226 6
3227 2
3228 4
3229 2
3230 5
3231 1
3232 5
3233 5
3234 5
3235 1
3236 1
3237 3
3238 6
3239 1
3240 3
3241 0
3242 3
3243 3
3244 2
3245 2
3246 5
3247 4
3248 3
3249 3
3250 5
3251 6
3252 3
3253 4
3254 1
3255 3
3256 2
3257 1
3258 1
3259 2
3260 6
3261 3
3262 9
3263 5
3264 2
3265 5
3266 2
3267 5
3268 2
3269 3
3270 9
3271 3
3272 6
3273 4
3274 1
3275 3
3276 4
3277 2
3278 5
3279 3
3280 5
3281 1
3282 6
3283 6
3284 6
3285 2
3286 2
3287 2
3288 4
3289 2
3290 3
3291 3
3292 5
3293 2
3294 3
3295 2
3296 7
3297 3
3298 4
3299 3
3300 2
3301 6
3302 3
3303 1
3304 3
3305 1
3306 2
3307 3
3308 5
3309 2
3310 0
3311 2
3312 4
3313 6
3314 0
3315 5
3316 6
3317 2
3318 3
3319 4
3320 5
3321 3
3322 3
3323 2
3324 5
3325 6
3326 2
3327 6
3328 6
3329 1
3330 3
3331 6
3332 0
3333 3
3334 4
3335 4
3336 4
3337 2
3338 1
3339 3
3340 3
3341 5
3342 4
3343 2
3344 3
3345 0
3346 4
3347 4
3348 12
3349 2
3350 3
3351 4
3352 2
3353 4
3354 8
3355 3
3356 2
3357 3
3358 6
3359 2
3360 3
3361 2
3362 4
3363 6
3364 2
3365 5
3366 4
3367 3
3368 4
3369 3
3370 2
3371 3
3372 3
3373 6
3374 4
3375 2
3376 5
3377 1
3378 2
3379 6
3380 6
3381 4
3382 2
3383 2
3384 3
3385 2
3386 6
3387 2
3388 0
3389 3
3390 3
3391 2
3392 4
3393 2
3394 5
3395 5
3396 3
3397 3
3398 6
3399 3
3400 3
3401 2
3402 3
3403 2
3404 6
3405 5
3406 5
3407 2
3408 8
3409 5
3410 6
3411 4
3412 4
3413 5
3414 1
3415 5
3416 3
3417 1
3418 4
3419 2
3420 1
3421 1
3422 2
3423 2
3424 6
3425 3
3426 6
3427 2
3428 4
3429 3
3430 5
3431 2
3432 3
3433 0
3434 3
3435 1
3436 2
3437 4
3438 0
3439 3
3440 6
3441 2
3442 7
3443 1
3444 5
3445 2
3446 8
3447 4
3448 4
3449 2
3450 2
3451 3
3452 0
3453 2
3454 4
3455 1
3456 1
3457 3
3458 2
3459 4
3460 4
3461 5
3462 2
3463 5
3464 5
3465 5
3466 1
3467 3
3468 0
3469 1
3470 2
3471 3
3472 4
3473 5
3474 2
3475 6
3476 2
3477 4
3478 2
3479 3
3480 3
3481 2
3482 2
3483 1
3484 1
3485 1
3486 6
3487 2
3488 4
3489 4
3490 3
3491 6
3492 5
3493 0
3494 5
3495 1
3496 6
3497 2
3498 2
3499 2
3500 4
3501 0
3502 5
3503 1
3504 10
3505 3
3506 5
3507 2
3508 3
3509 3
3510 3
3511 3
3512 2
3513 1
3514 3
3515 1
3516 4
3517 1
3518 2
3519 4
3520 3
3521 0
3522 3
3523 3
3524 5
3525 1
3526 1
3527 3
3528 4
3529 2
3530 4
3531 2
3532 2
3533 1
3534 2
3535 3
3536 7
3537 5
3538 1
3539 6
3540 3
3541 2
3542 6
3543 4
3544 5
3545 3
3546 2
3547 7
3548 3
3549 1
3550 4
3551 3
3552 5
3553 2
3554 3
3555 1
3556 8
3557 3
3558 5
3559 2
3560 0
3561 5
3562 5
3563 7
3564 5
3565 1
3566 3
3567 2
3568 3
3569 7
3570 7
3571 8
3572 4
3573 5
3574 11
3575 6
3576 4
3577 3
3578 7
3579 5
3580 6
3581 9
3582 2
3583 8
3584 6
3585 3
3586 5
3587 5
3588 9
3589 2
3590 2
3591 5
3592 5
3593 5
3594 3
3595 6
3596 3
3597 2
3598 3
3599 2
3600 8
3601 3
3602 8
3603 12
3604 8
3605 4
3606 6
3607 6
3608 5
3609 2
3610 2
3611 5
3612 3
3613 5
3614 4
3615 4
3616 0
3617 4
3618 3
3619 4
3620 6
3621 1
3622 6
3623 3
3624 2
3625 3
3626 2
3627 3
3628 3
3629 0
3630 6
3631 3
3632 6
3633 4
3634 4
3635 7
3636 4
3637 1
3638 4
3639 1
3640 5
3641 9
3642 2
3643 7
3644 2
3645 3
3646 8
3647 4
3648 2
3649 3
3650 1
3651 2
3652 5
3653 6
3654 5
3655 6
3656 2
3657 4
3658 7
3659 5
3660 5
3661 1
3662 7
3663 2
3664 5
3665 2
3666 3
3667 3
3668 3
3669 4
3670 2
3671 2
3672 4
3673 4
3674 5
3675 2
3676 3
3677 4
3678 3
3679 6
3680 3
3681 2
3682 6
3683 2
3684 5
3685 1
3686 4
3687 0
3688 5
3689 2
3690 4
3691 5
3692 6
3693 5
3694 2
3695 3
3696 5
3697 1
3698 1
3699 3
3700 10
3701 2
3702 2
3703 3
3704 2
3705 4
3706 3
3707 3
3708 4
3709 4
3710 2
3711 4
3712 6
3713 5
3714 3
3715 4
3716 5
3717 3
3718 2
3719 3
3720 3
3721 1
3722 5
3723 2
3724 4
3725 2
3726 3
3727 4
3728 5
3729 0
3730 5
3731 2
3732 7
3733 1
3734 1
3735 9
3736 6
3737 4
3738 4
3739 5
3740 5
3741 2
3742 4
3743 2
3744 1
3745 2
3746 4
3747 5
3748 5
3749 1
3750 5
3751 6
3752 2
3753 3
3754 7
3755 7
3756 5
3757 4
3758 5
3759 3
3760 2
3761 6
3762 5
3763 4
3764 6
3765 4
3766 5
3767 2
3768 3
3769 5
3770 5
3771 5
3772 2
3773 1
3774 4
3775 7
3776 4
3777 2
3778 4
3779 7
3780 7
3781 4
3782 6
3783 3
3784 4
3785 7
3786 2
3787 5
3788 7
3789 1
3790 2
3791 4
3792 3
3793 3
3794 5
3795 2
3796 3
3797 3
3798 2
3799 1
3800 1
3801 1
3802 5
3803 3
3804 4
3805 3
3806 3
3807 2
3808 2
3809 1
3810 1
3811 3
3812 4
3813 5
3814 5
3815 3
3816 5
3817 3
3818 2
3819 4
3820 4
3821 5
3822 1
3823 0
3824 11
3825 3
3826 7
3827 3
3828 5
3829 1
3830 0
3831 5
3832 6
3833 4
3834 3
3835 6
3836 3
3837 4
3838 5
3839 4
3840 5
3841 0
3842 3
3843 6
3844 3
3845 4
3846 9
3847 1
3848 5
3849 1
3850 1
3851 3
3852 3
3853 2
3854 4
3855 1
3856 1
3857 1
3858 0
3859 5
3860 5
3861 1
3862 4
3863 1
3864 4
3865 3
3866 1
3867 4
3868 3
3869 3
3870 4
3871 7
3872 5
3873 4
3874 3
3875 4
3876 6
3877 2
3878 3
3879 4
3880 8
3881 3
3882 3
3883 4
3884 3
3885 3
3886 6
3887 7
3888 3
3889 1
3890 2
3891 4
3892 5
3893 4
3894 2
3895 3
3896 8
3897 2
3898 4
3899 0
3900 4
3901 2
3902 3
3903 4
3904 1
3905 1
3906 1
3907 3
3908 4
3909 5
3910 2
3911 6
3912 3
3913 2
3914 7
3915 2
3916 6
3917 3
3918 7
3919 2
3920 3
3921 2
3922 2
3923 2
3924 4
3925 1
3926 3
3927 5
3928 4
3929 0
3930 5
3931 6
3932 6
3933 3
3934 5
3935 0
3936 3
3937 2
3938 4
3939 3
3940 7
3941 3
3942 5
3943 1
3944 1
3945 2
3946 1
3947 0
3948 8
3949 3
3950 2
3951 1
3952 7
3953 4
3954 6
3955 1
3956 3
3957 1
3958 2
3959 4
3960 3
3961 4
3962 3
3963 3
3964 3
3965 3
3966 8
3967 1
3968 7
3969 1
3970 3
3971 1
3972 10
3973 3
3974 10
3975 2
3976 4
3977 3
3978 5
3979 4
3980 7
3981 2
3982 2
3983 3
3984 1
3985 1
3986 5
3987 6
3988 5
3989 2
3990 5
3991 2
3992 1
3993 3
3994 2
3995 3
3996 6
3997 2
3998 6
3999 3
4000 4
4001 5
4002 0
4003 0
4004 3
4005 1
4006 4
4007 2
4008 5
4009 2
4010 4
4011 4
4012 3
4013 2
4014 3
4015 5
4016 9
4017 2
4018 6
4019 1
4020 8
4021 3
4022 5
4023 3
4024 3
4025 0
4026 4
4027 3
4028 4
4029 1
4030 6
4031 4
4032 3
4033 1
4034 0
4035 3
4036 4
4037 6
4038 3
4039 1
4040 1
4041 6
4042 2
4043 1
4044 5
4045 4
4046 2
4047 0
4048 0
4049 2
4050 2
4051 3
4052 4
4053 4
4054 6
4055 1
4056 6
4057 4
4058 2
4059 2
4060 8
4061 3
4062 6
4063 3
4064 3
4065 5
4066 2
4067 5
4068 3
4069 3
4070 7
4071 3
4072 7
4073 0
4074 2
4075 2
4076 0
4077 1
4078 1
4079 3
4080 6
4081 3
4082 4
4083 6
4084 6
4085 2
4086 4
4087 0
4088 5
4089 1
4090 3
4091 6
4092 4
4093 7
4094 2
4095 1
4096 3
4097 0
4098 6
4099 6
4100 5
4101 9
4102 9
4103 7
4104 4
4105 4
4106 2
4107 6
4108 9
4109 5
4110 5
4111 5
4112 4
4113 5
4114 6
4115 5
4116 3
4117 5
4118 8
4119 8
4120 4
4121 8
4122 3
4123 6
4124 5
4125 5
4126 10
4127 3
4128 6
4129 6
4130 4
4131 6
4132 6
4133 6
4134 5
4135 6
4136 7
4137 11
4138 4
4139 7
4140 3
4141 5
4142 6
4143 8
4144 3
4145 4
4146 5
4147 6
4148 2
4149 3
4150 8
4151 8
4152 3
4153 6
4154 2
4155 7
4156 7
4157 6
4158 6
4159 3
4160 4
4161 3
4162 5
4163 5
4164 6
4165 7
4166 8
4167 6
4168 5
4169 4
4170 4
4171 8
4172 5
4173 9
4174 7
4175 7
4176 10
4177 9
4178 6
4179 4
4180 5
4181 7
4182 7
4183 7
4184 6
4185 8
4186 6
4187 7
4188 5
4189 4
4190 7
4191 6
4192 3
4193 0
4194 5
4195 9
4196 6
4197 8
4198 5
4199 5
4200 5
4201 3
4202 4
4203 7
4204 3
4205 9
4206 7
4207 6
4208 4
4209 7
4210 4
4211 6
4212 10
4213 7
4214 5
4215 6
4216 1
4217 4
4218 7
4219 3
4220 5
4221 3
4222 7
4223 4
4224 4
4225 2
4226 0
4227 5
4228 3
4229 8
4230 4
4231 5
4232 3
4233 4
4234 5
4235 4
4236 2
4237 3
4238 5
4239 5
4240 5
4241 6
4242 3
4243 11
4244 7
4245 7
4246 10
4247 3
4248 4
4249 9
4250 3
4251 4
4252 4
4253 5
4254 9
4255 9
4256 3
4257 7
4258 5
4259 9
4260 9
4261 6
4262 5
4263 2
4264 3
4265 3
4266 3
4267 4
4268 6
4269 5
4270 4
4271 4
4272 5
4273 6
4274 4
4275 7
4276 6
4277 6
4278 7
4279 9
4280 5
4281 10
4282 3
4283 5
4284 3
4285 3
4286 7
4287 9
4288 0
4289 5
4290 1
4291 8
4292 7
4293 4
4294 8
4295 6
4296 1
4297 4
4298 4
4299 4
4300 2
4301 3
4302 6
4303 2
4304 3
4305 6
4306 7
4307 6
4308 7
4309 4
4310 10
4311 8
4312 3
4313 4
4314 3
4315 6
4316 3
4317 9
4318 8
4319 5
4320 4
4321 6
4322 1
4323 8
4324 1
4325 2
4326 3
4327 4
4328 4
4329 1
4330 11
4331 9
4332 3
4333 4
4334 4
4335 5
4336 6
4337 5
4338 1
4339 4
4340 9
4341 8
4342 4
4343 7
4344 2
4345 5
4346 4
4347 8
4348 5
4349 4
4350 5
4351 10
4352 4
4353 7
4354 5
4355 7
4356 9
4357 4
4358 4
4359 1
4360 7
4361 9
4362 2
4363 3
4364 2
4365 2
4366 4
4367 4
4368 4
4369 8
4370 4
4371 2
4372 4
4373 7
4374 10
4375 6
4376 7
4377 5
4378 6
4379 6
4380 10
4381 5
4382 5
4383 4
4384 3
4385 6
4386 3
4387 6
4388 10
4389 3
4390 8
4391 7
4392 7
4393 7
4394 6
4395 5
4396 6
4397 6
4398 5
4399 11
4400 2
4401 4
4402 7
4403 4
4404 8
4405 5
4406 8
4407 14
4408 3
4409 6
4410 2
4411 5
4412 3
4413 3
4414 9
4415 10
4416 6
4417 4
4418 6
4419 3
4420 6
4421 11
4422 5
4423 5
4424 2
4425 9
4426 8
4427 1
4428 15
4429 6
4430 9
4431 8
4432 3
4433 6
4434 10
4435 8
4436 5
4437 6
4438 10
4439 9
4440 2
4441 8
4442 7
4443 3
4444 8
4445 4
4446 6
4447 8
4448 4
4449 6
4450 2
4451 3
4452 8
4453 9
4454 7
4455 10
4456 2
4457 1
4458 2
4459 1
4460 4
4461 5
4462 3
4463 6
4464 6
4465 8
4466 5
4467 5
4468 9
4469 4
4470 4
4471 5
4472 4
4473 8
4474 3
4475 4
4476 3
4477 2
4478 5
4479 6
4480 7
4481 5
4482 1
4483 6
4484 5
4485 10
4486 10
4487 4
4488 4
4489 4
4490 6
4491 6
4492 6
4493 6
4494 9
4495 9
4496 3
4497 7
4498 6
4499 6
4500 4
4501 9
4502 9
4503 6
4504 4
4505 5
4506 3
4507 4
4508 7
4509 3
4510 6
4511 9
4512 2
4513 5
4514 2
4515 6
4516 7
4517 3
4518 7
4519 6
4520 1
4521 3
4522 6
4523 3
4524 6
4525 2
4526 8
4527 9
4528 3
4529 7
4530 6
4531 10
4532 1
4533 5
4534 6
4535 3
4536 1
4537 3
4538 7
4539 8
4540 9
4541 7
4542 7
4543 7
4544 7
4545 4
4546 4
4547 9
4548 6
4549 5
4550 8
4551 10
4552 8
4553 7
4554 7
4555 7
4556 5
4557 3
4558 7
4559 8
4560 10
4561 8
4562 3
4563 9
4564 5
4565 3
4566 8
4567 7
4568 5
4569 7
4570 1
4571 4
4572 3
4573 5
4574 12
4575 11
4576 5
4577 1
4578 7
4579 4
4580 4
4581 7
4582 9
4583 3
4584 6
4585 2
4586 3
4587 5
4588 6
4589 3
4590 4
4591 1
4592 3
4593 4
4594 6
4595 4
4596 7
4597 5
4598 6
4599 7
4600 9
4601 5
4602 2
4603 4
4604 3
4605 5
4606 5
4607 10
4608 4
4609 6
4610 1
4611 2
4612 7
4613 6
4614 7
4615 4
4616 5
4617 2
4618 2
4619 1
4620 3
4621 5
4622 4
4623 4
4624 3
4625 6
4626 0
4627 10
4628 5
4629 1
4630 7
4631 5
4632 2
4633 8
4634 3
4635 9
4636 5
4637 4
4638 6
4639 4
4640 4
4641 5
4642 2
4643 3
4644 7
4645 4
4646 6
4647 3
4648 3
4649 7
4650 3
4651 7
4652 2
4653 4
4654 5
4655 4
4656 2
4657 3
4658 5
4659 8
4660 7
4661 2
4662 8
4663 4
4664 4
4665 4
4666 2
4667 4
4668 7
4669 3
4670 5
4671 7
4672 4
4673 9
4674 8
4675 5
4676 1
4677 10
4678 7
4679 4
4680 5
4681 3
4682 2
4683 4
4684 3
4685 6
4686 4
4687 4
4688 4
4689 3
4690 9
4691 7
4692 5
4693 6
4694 6
4695 8
4696 3
4697 4
4698 2
4699 3
4700 3
4701 2
4702 6
4703 7
4704 3
4705 4
4706 6
4707 2
4708 6
4709 5
4710 4
4711 5
4712 8
4713 6
4714 3
4715 2
4716 6
4717 6
4718 6
4719 7
4720 3
4721 9
4722 5
4723 3
4724 6
4725 6
4726 10
4727 3
4728 2
4729 4
4730 3
4731 9
4732 3
4733 5
4734 4
4735 6
4736 3
4737 4
4738 4
4739 4
4740 3
4741 5
4742 4
4743 7
4744 6
4745 5
4746 10
4747 3
4748 5
4749 10
4750 7
4751 7
4752 3
4753 7
4754 6
4755 5
4756 6
4757 10
4758 9
4759 8
4760 2
4761 3
4762 1
4763 5
4764 3
4765 3
4766 7
4767 5
4768 3
4769 6
4770 4
4771 3
4772 5
4773 6
4774 8
4775 2
4776 7
4777 2
4778 3
4779 7
4780 4
4781 4
4782 8
4783 7
4784 6
4785 13
4786 6
4787 8
4788 7
4789 4
4790 7
4791 7
4792 4
4793 3
4794 4
4795 2
4796 4
4797 5
4798 7
4799 6
4800 4
4801 6
4802 4
4803 3
4804 4
4805 6
4806 7
4807 8
4808 4
4809 6
4810 1
4811 9
4812 7
4813 2
4814 6
4815 10
4816 2
4817 3
4818 5
4819 6
4820 5
4821 2
4822 10
4823 5
4824 6
4825 4
4826 4
4827 8
4828 4
4829 4
4830 5
4831 5
4832 3
4833 7
4834 4
4835 1
4836 3
4837 7
4838 4
4839 9
4840 4
4841 5
4842 2
4843 7
4844 4
4845 1
4846 8
4847 2
4848 5
4849 4
4850 5
4851 6
4852 4
4853 1
4854 7
4855 3
4856 5
4857 8
4858 2
4859 5
4860 2
4861 6
4862 6
4863 9
4864 2
4865 9
4866 5
4867 7
4868 10
4869 9
4870 5
4871 1
4872 8
4873 7
4874 1
4875 2
4876 6
4877 2
4878 11
4879 6
4880 4
4881 4
4882 4
4883 2
4884 2
4885 6
4886 10
4887 3
4888 4
4889 9
4890 3
4891 4
4892 5
4893 3
4894 12
4895 6
4896 1
4897 5
4898 1
4899 8
4900 8
4901 6
4902 12
4903 3
4904 3
4905 5
4906 4
4907 4
4908 4
4909 7
4910 13
4911 8
4912 7
4913 5
4914 3
4915 4
4916 6
4917 2
4918 9
4919 8
4920 1
4921 7
4922 4
4923 9
4924 5
4925 8
4926 4
4927 6
4928 6
4929 1
4930 6
4931 8
4932 4
4933 3
4934 7
4935 6
4936 5
4937 1
4938 7
4939 2
4940 5
4941 3
4942 6
4943 10
4944 4
4945 5
4946 5
4947 6
4948 10
4949 1
4950 8
4951 6
4952 2
4953 6
4954 3
4955 3
4956 2
4957 4
4958 7
4959 10
4960 6
4961 13
4962 6
4963 5
4964 5
4965 7
4966 4
4967 2
4968 4
4969 6
4970 4
4971 6
4972 4
4973 4
4974 5
4975 10
4976 3
4977 7
4978 5
4979 10
4980 5
4981 7
4982 16
4983 3
4984 2
4985 6
4986 3
4987 4
4988 3
4989 5
4990 3
4991 12
4992 4
4993 4
4994 3
4995 3
4996 5
4997 0
4998 5
4999 5
5000 5
5001 6
5002 3
