0 11
1 15
2 5
3 3
4 10
5 4
6 5
7 4
8 6
9 2
10 1
11 3
12 0
13 4
14 2
15 1
16 4
17 0
18 1
19 2
20 1
21 12
22 12
23 10
24 12
25 8
26 7
27 5
28 4
29 5
30 11
31 7
32 7
33 12
34 11
35 13
36 6
37 8
38 9
39 11
40 10
41 8
42 9
43 15
44 8
45 9
46 12
47 12
48 7
49 4
50 1
51 3
52 3
53 3
54 1
55 5
56 2
57 0
58 1
59 5
60 3
61 3
62 3
63 1
64 11
65 12
66 10
67 22
68 13
69 10
70 15
71 11
72 12
73 8
74 8
75 8
76 17
77 13
78 13
79 16
80 7
81 18
82 14
83 11
84 12
85 9
86 14
87 13
88 9
89 9
90 9
91 10
92 13
93 16
94 6
95 14
96 3
97 2
98 3
99 5
100 2
101 7
102 4
103 8
104 6
105 7
106 6
107 6
108 7
109 6
110 10
111 3
112 9
113 6
114 10
115 3
116 4
117 8
118 12
119 3
120 7
121 4
122 2
123 4
124 3
125 7
126 1
127 2
128 2
129 1
130 3
131 5
132 2
133 2
134 3
135 4
136 1
137 8
138 5
139 10
140 7
141 7
142 4
143 6
144 5
145 4
146 4
147 5
148 9
149 5
150 2
151 9
152 3
153 9
154 5
155 9
156 4
157 2
158 7
159 6
160 7
161 2
162 6
163 6
164 5
165 2
166 3
167 2
168 9
169 2
170 5
171 3
172 1
173 1
174 2
175 5
176 1
177 6
178 0
179 3
180 5
181 6
182 3
183 3
184 5
185 7
186 4
187 4
188 3
189 6
190 5
191 3
192 4
193 6
194 3
195 6
196 9
197 7
198 10
199 3
200 4
201 11
202 3
203 3
204 3
205 4
206 2
207 2
208 2
209 1
210 6
211 9
212 2
213 4
214 6
215 2
216 1
217 3
218 10
219 2
220 4
221 2
222 1
223 1
224 2
225 1
226 1
227 5
228 2
229 2
230 2
231 2
232 5
233 4
234 2
235 5
236 2
237 3
238 4
239 2
240 7
241 4
242 5
243 2
244 0
245 4
246 0
247 0
248 1
249 2
250 1
251 2
252 1
253 1
254 1
255 2
256 3
257 2
258 0
259 1
260 1
261 0
262 3
263 3
264 1
265 2
266 0
267 2
268 6
269 8
270 3
271 4
272 9
273 5
274 4
275 4
276 8
277 4
278 6
279 4
280 1
281 2
282 1
283 1
284 0
285 3
286 0
287 1
288 0
289 0
290 1
291 4
292 2
293 4
294 2
295 3
296 3
297 3
298 10
299 10
300 5
301 7
302 5
303 7
304 4
305 7
306 3
307 8
308 7
309 8
310 7
311 8
312 17
313 15
314 10
315 15
316 12
317 9
318 10
319 7
320 11
321 17
322 12
323 7
324 4
325 1
326 3
327 8
328 4
329 2
330 4
331 0
332 3
333 0
334 4
335 5
336 2
337 2
338 1
339 13
340 12
341 10
342 15
343 7
344 12
345 9
346 10
347 12
348 9
349 8
350 7
351 14
352 7
353 8
354 9
355 12
356 13
357 11
358 5
359 17
360 10
361 15
362 10
363 7
364 2
365 9
366 6
367 3
368 2
369 4
370 7
371 5
372 2
373 4
374 3
375 3
376 2
377 4
378 4
379 4
380 4
381 4
382 0
383 2
384 8
385 3
386 0
387 3
388 5
389 3
390 3
391 2
392 0
393 5
394 6
395 3
396 1
397 3
398 0
399 2
400 5
401 5
402 3
403 3
404 0
405 1
406 3
407 3
408 1
409 1
410 1
411 3
412 1
413 7
414 6
415 11
416 4
417 2
418 4
419 2
420 2
421 3
422 3
423 4
424 9
425 4
426 6
427 4
428 7
429 3
430 7
431 3
432 4
433 2
434 3
435 4
436 2
437 3
438 5
439 2
440 3
441 2
442 3
443 2
444 2
445 5
446 2
447 1
448 5
449 3
450 1
451 4
452 1
453 1
454 2
455 2
456 10
457 8
458 3
459 3
460 3
461 4
462 3
463 3
464 1
465 4
466 4
467 7
468 4
469 3
470 5
471 8
472 6
473 6
474 6
475 5
476 7
477 4
478 5
479 4
480 2
481 4
482 4
483 5
484 6
485 1
486 4
487 5
488 1
489 6
490 2
491 2
492 2
493 6
494 7
495 3
496 11
497 1
498 1
499 0
500 5
501 1
502 2
503 1
504 4
505 3
506 2
507 2
508 2
509 2
510 3
511 2
512 3
513 7
514 2
515 4
516 7
517 4
518 1
519 1
520 3
521 2
522 2
523 2
524 4
525 1
526 1
527 1
528 3
529 3
530 0
531 3
532 2
533 6
534 4
535 4
536 3
537 1
538 5
539 4
540 5
541 4
542 5
543 5
544 2
545 4
546 4
547 3
548 4
549 7
550 4
551 4
552 3
553 6
554 4
555 1
556 7
557 3
558 3
559 2
560 5
561 3
562 1
563 3
564 1
565 1
566 2
567 3
568 6
569 0
570 1
571 6
572 8
573 10
574 9
575 7
576 8
577 6
578 7
579 2
580 4
581 6
582 15
583 12
584 10
585 7
586 11
587 8
588 13
589 8
590 18
591 6
592 8
593 6
594 5
595 6
596 7
597 10
598 5
599 6
600 5
601 3
602 3
603 6
604 3
605 4
606 1
607 0
608 1
609 2
610 2
611 3
612 3
613 1
614 10
615 13
616 13
617 8
618 11
619 18
620 19
621 16
622 9
623 10
624 14
625 7
626 9
627 9
628 11
629 11
630 12
631 10
632 12
633 14
634 12
635 14
636 11
637 15
638 10
639 5
640 12
641 10
642 8
643 11
644 7
645 10
646 4
647 1
648 1
649 2
650 0
651 2
652 4
653 3
654 5
655 4
656 1
657 2
658 1
659 3
660 3
661 6
662 6
663 4
664 2
665 1
666 6
667 3
668 8
669 3
670 4
671 1
672 2
673 2
674 3
675 4
676 3
677 0
678 3
679 2
680 0
681 3
682 3
683 1
684 1
685 0
686 0
687 1
688 11
689 2
690 5
691 2
692 2
693 5
694 2
695 2
696 5
697 5
698 5
699 3
700 2
701 10
702 8
703 9
704 10
705 3
706 6
707 4
708 3
709 4
710 6
711 2
712 6
713 5
714 3
715 3
716 5
717 1
718 0
719 1
720 2
721 2
722 2
723 1
724 0
725 5
726 5
727 3
728 0
729 4
730 2
731 4
732 10
733 5
734 5
735 3
736 3
737 8
738 7
739 6
740 5
741 4
742 2
743 2
744 3
745 6
746 7
747 8
748 4
749 9
750 6
751 4
752 7
753 3
754 4
755 3
756 8
757 10
758 2
759 4
760 4
761 7
762 1
763 3
764 1
765 2
766 4
767 1
768 3
769 4
770 4
771 3
772 2
773 3
774 3
775 4
776 5
777 6
778 6
779 2
780 6
781 0
782 3
783 1
784 4
785 3
786 2
787 4
788 5
789 3
790 7
791 7
792 2
793 9
794 1
795 3
796 3
797 5
798 2
799 5
800 0
801 4
802 2
803 8
804 4
805 3
806 3
807 5
808 2
809 1
810 4
811 3
812 4
813 1
814 5
815 3
816 1
817 1
818 4
819 5
820 2
821 5
822 7
823 3
824 5
825 4
826 5
827 7
828 10
829 4
830 2
831 6
832 3
833 0
834 3
835 5
836 2
837 3
838 0
839 2
840 3
841 2
842 3
843 2
844 2
845 0
846 4
847 13
848 6
849 8
850 8
851 6
852 2
853 7
854 5
855 8
856 1
857 4
858 8
859 5
860 9
861 9
862 11
863 12
864 8
865 14
866 10
867 8
868 12
869 9
870 8
871 9
872 12
873 1
874 2
875 2
876 6
877 10
878 2
879 4
880 2
881 3
882 2
883 2
884 3
885 5
886 2
887 1
888 3
889 8
890 6
891 7
892 7
893 5
894 12
895 6
896 9
897 7
898 4
899 11
900 5
901 8
902 8
903 7
904 9
905 4
906 6
907 9
908 12
909 5
910 6
911 11
912 6
913 7
914 8
915 6
916 4
917 3
918 10
919 5
920 10
921 2
922 4
923 4
924 1
925 4
926 1
927 4
928 4
929 1
930 4
931 4
932 2
933 2
934 3
935 3
936 2
937 2
938 2
939 1
940 1
941 1
942 5
943 5
944 4
945 1
946 2
947 4
948 3
949 2
950 4
951 2
952 2
953 2
954 1
955 0
956 3
957 0
958 0
959 6
960 3
961 3
962 3
963 6
964 9
965 1
966 3
967 3
968 3
969 4
970 7
971 2
972 2
973 7
974 4
975 5
976 2
977 5
978 7
979 5
980 8
981 3
982 3
983 4
984 5
985 1
986 2
987 2
988 2
989 3
990 3
991 3
992 2
993 4
994 2
995 1
996 1
997 0
998 1
999 5
1000 3
1001 1
1002 1
1003 2
1004 7
1005 2
1006 4
1007 9
1008 5
1009 4
1010 4
1011 7
1012 9
1013 5
1014 5
1015 6
1016 5
1017 8
1018 9
1019 9
1020 7
1021 9
1022 5
1023 2
1024 4
1025 6
1026 8
1027 5
1028 5
1029 12
1030 10
1031 9
1032 5
1033 3
1034 5
1035 6
1036 2
1037 3
1038 1
1039 1
1040 2
1041 2
1042 2
1043 1
1044 3
1045 0
1046 4
1047 1
1048 5
1049 4
1050 8
1051 4
1052 7
1053 0
1054 5
1055 3
1056 3
1057 6
1058 5
1059 3
1060 5
1061 9
1062 3
1063 8
1064 6
1065 8
1066 6
1067 7
1068 3
1069 4
1070 3
1071 1
1072 4
1073 6
1074 2
1075 5
1076 1
1077 6
1078 5
1079 5
1080 4
1081 5
1082 3
1083 2
1084 2
1085 3
1086 7
1087 2
1088 4
1089 7
1090 3
1091 3
1092 6
1093 5
1094 6
1095 6
1096 5
1097 1
1098 2
1099 3
1100 2
1101 3
1102 3
1103 8
1104 6
1105 3
1106 4
1107 3
1108 4
1109 2
1110 3
1111 3
1112 3
1113 3
1114 1
1115 4
1116 4
1117 2
1118 3
1119 1
1120 2
1121 4
1122 16
1123 6
1124 8
1125 12
1126 9
1127 11
1128 6
1129 10
1130 6
1131 5
1132 14
1133 7
1134 9
1135 10
1136 13
1137 18
1138 7
1139 12
1140 9
1141 9
1142 15
1143 10
1144 12
1145 10
1146 6
1147 5
1148 7
1149 9
1150 1
1151 3
1152 5
1153 2
1154 2
1155 2
1156 1
1157 2
1158 1
1159 1
1160 2
1161 1
1162 3
1163 2
1164 14
1165 9
1166 14
1167 10
1168 12
1169 22
1170 13
1171 12
1172 9
1173 8
1174 12
1175 11
1176 8
1177 9
1178 8
1179 15
1180 12
1181 12
1182 19
1183 8
1184 17
1185 15
1186 11
1187 16
1188 13
1189 13
1190 17
1191 10
1192 13
1193 9
1194 9
1195 13
1196 4
1197 4
1198 3
1199 2
1200 2
1201 3
1202 2
1203 0
1204 3
1205 1
1206 1
1207 8
1208 3
1209 13
1210 5
1211 10
1212 6
1213 4
1214 6
1215 4
1216 2
1217 1
1218 2
1219 2
1220 6
1221 6
1222 7
1223 6
1224 17
1225 9
1226 10
1227 10
1228 8
1229 11
1230 11
1231 3
1232 5
1233 6
1234 7
1235 7
1236 9
1237 12
1238 1
1239 4
1240 3
1241 2
1242 5
1243 2
1244 4
1245 4
1246 1
1247 3
1248 6
1249 5
1250 0
1251 2
1252 5
1253 4
1254 4
1255 5
1256 2
1257 2
1258 3
1259 2
1260 4
1261 1
1262 3
1263 3
1264 0
1265 3
1266 3
1267 3
1268 3
1269 3
1270 2
1271 6
1272 1
1273 1
1274 3
1275 2
1276 2
1277 2
1278 2
1279 2
1280 6
1281 6
1282 6
1283 5
1284 2
1285 6
1286 9
1287 7
1288 5
1289 5
1290 0
1291 6
1292 3
1293 3
1294 8
1295 7
1296 6
1297 4
1298 6
1299 7
1300 1
1301 5
1302 7
1303 4
1304 5
1305 4
1306 5
1307 2
1308 3
1309 4
1310 4
1311 5
1312 3
1313 0
1314 2
1315 2
1316 3
1317 1
1318 5
1319 5
1320 3
1321 3
1322 5
1323 3
1324 9
1325 5
1326 6
1327 5
1328 4
1329 2
1330 6
1331 3
1332 6
1333 4
1334 1
1335 4
1336 2
1337 2
1338 4
1339 2
1340 6
1341 7
1342 3
1343 3
1344 4
1345 2
1346 1
1347 2
1348 0
1349 5
1350 4
1351 4
1352 7
1353 2
1354 3
1355 3
1356 3
1357 4
1358 1
1359 1
1360 3
1361 3
1362 1
1363 0
1364 2
1365 2
1366 1
1367 2
1368 2
1369 0
1370 2
1371 0
1372 1
1373 1
1374 1
1375 1
1376 0
1377 1
1378 2
1379 1
1380 4
1381 6
1382 2
1383 2
1384 3
1385 4
1386 3
1387 2
1388 1
1389 0
1390 2
1391 2
1392 2
1393 4
1394 1
1395 4
1396 2
1397 2
1398 4
1399 3
1400 0
1401 2
1402 1
1403 8
1404 3
1405 2
1406 1
1407 7
1408 3
1409 5
1410 5
1411 7
1412 4
1413 4
1414 5
1415 9
1416 5
1417 5
1418 1
1419 5
1420 7
1421 8
1422 11
1423 3
1424 3
1425 1
1426 1
1427 6
1428 4
1429 1
1430 4
1431 3
1432 1
1433 2
1434 0
1435 4
1436 3
1437 1
1438 1
1439 6
1440 8
1441 10
1442 7
1443 11
1444 14
1445 13
1446 16
1447 12
1448 10
1449 12
1450 15
1451 8
1452 5
1453 13
1454 10
1455 17
1456 10
1457 11
1458 17
1459 16
1460 10
1461 8
1462 13
1463 8
1464 7
1465 11
1466 8
1467 10
1468 4
1469 6
1470 6
1471 2
1472 5
1473 0
1474 1
1475 0
1476 1
1477 3
1478 0
1479 4
1480 2
1481 1
1482 6
1483 9
1484 10
1485 10
1486 4
1487 9
1488 4
1489 6
1490 5
1491 9
1492 3
1493 8
1494 5
1495 4
1496 3
1497 8
1498 5
1499 12
1500 4
1501 5
1502 5
1503 2
1504 6
1505 7
1506 6
1507 5
1508 4
1509 3
1510 7
1511 6
1512 3
1513 6
1514 2
1515 1
1516 3
1517 1
1518 3
1519 2
1520 2
1521 1
1522 3
1523 4
1524 3
1525 4
1526 2
1527 5
1528 3
1529 4
1530 0
1531 3
1532 5
1533 5
1534 2
1535 3
1536 4
1537 4
1538 4
1539 3
1540 3
1541 1
1542 4
1543 3
1544 2
1545 2
1546 3
1547 1
1548 1
1549 2
1550 3
1551 1
1552 4
1553 4
1554 1
1555 13
1556 9
1557 5
1558 7
1559 4
1560 5
1561 5
1562 3
1563 4
1564 8
1565 4
1566 9
1567 8
1568 6
1569 6
1570 8
1571 5
1572 6
1573 3
1574 3
1575 8
1576 5
1577 11
1578 6
1579 6
1580 3
1581 6
1582 5
1583 6
1584 2
1585 4
1586 3
1587 3
1588 2
1589 0
1590 0
1591 0
1592 0
1593 3
1594 1
1595 3
1596 0
1597 2
1598 3
1599 1
1600 4
1601 6
1602 7
1603 3
1604 2
1605 3
1606 1
1607 8
1608 9
1609 6
1610 5
1611 10
1612 4
1613 5
1614 7
1615 6
1616 13
1617 5
1618 7
1619 4
1620 3
1621 6
1622 7
1623 1
1624 10
1625 1
1626 3
1627 5
1628 5
1629 3
1630 3
1631 3
1632 2
1633 3
1634 3
1635 2
1636 1
1637 2
1638 1
1639 1
1640 3
1641 10
1642 4
1643 9
1644 6
1645 2
1646 7
1647 5
1648 4
1649 8
1650 4
1651 2
1652 8
1653 4
1654 5
1655 3
1656 5
1657 2
1658 8
1659 7
1660 5
1661 7
1662 5
1663 5
1664 2
1665 1
1666 5
1667 3
1668 6
1669 4
1670 5
1671 7
1672 2
1673 2
1674 3
1675 3
1676 3
1677 2
1678 2
1679 3
1680 1
1681 1
1682 6
1683 3
1684 3
1685 6
1686 3
1687 5
1688 7
1689 6
1690 6
1691 7
1692 7
1693 7
1694 5
1695 4
1696 5
1697 11
1698 2
1699 3
1700 1
1701 4
1702 1
1703 4
1704 4
1705 1
1706 2
1707 1
1708 3
1709 3
1710 2
1711 1
1712 2
1713 2
1714 12
1715 11
1716 9
1717 11
1718 10
1719 19
1720 12
1721 14
1722 11
1723 10
1724 10
1725 16
1726 11
1727 12
1728 11
1729 13
1730 13
1731 18
1732 16
1733 14
1734 13
1735 9
1736 13
1737 13
1738 13
1739 16
1740 5
1741 10
1742 6
1743 7
1744 5
1745 2
1746 1
1747 5
1748 3
1749 3
1750 5
1751 2
1752 4
1753 2
1754 4
1755 2
1756 1
1757 10
1758 6
1759 8
1760 2
1761 2
1762 3
1763 9
1764 5
1765 2
1766 7
1767 5
1768 6
1769 5
1770 6
1771 4
1772 8
1773 12
1774 7
1775 7
1776 1
1777 11
1778 11
1779 13
1780 9
1781 4
1782 2
1783 4
1784 6
1785 1
1786 5
1787 0
1788 7
1789 3
1790 4
1791 1
1792 2
1793 5
1794 4
1795 3
1796 5
1797 4
1798 5
1799 1
1800 2
1801 3
1802 4
1803 3
1804 1
1805 1
1806 3
1807 2
1808 3
1809 0
1810 3
1811 1
1812 5
1813 0
1814 0
1815 2
1816 3
1817 9
1818 2
1819 3
1820 2
1821 2
1822 0
1823 0
1824 0
1825 0
1826 4
1827 2
1828 3
1829 2
1830 1
1831 2
1832 6
1833 4
1834 0
1835 4
1836 2
1837 1
1838 6
1839 2
1840 3
1841 7
1842 7
1843 4
1844 4
1845 3
1846 6
1847 1
1848 1
1849 4
1850 1
1851 3
1852 3
1853 6
1854 4
1855 4
1856 8
1857 0
1858 4
1859 2
1860 5
1861 5
1862 4
1863 2
1864 3
1865 1
1866 2
1867 1
1868 4
1869 1
1870 8
1871 4
1872 3
1873 6
1874 5
1875 5
1876 4
1877 9
1878 6
1879 6
1880 2
1881 5
1882 3
1883 1
1884 4
1885 3
1886 1
1887 4
1888 9
1889 4
1890 6
1891 6
1892 9
1893 5
1894 2
1895 9
1896 5
1897 4
1898 3
1899 4
1900 3
1901 5
1902 2
1903 1
1904 1
1905 1
1906 1
1907 6
1908 2
1909 2
1910 1
1911 5
1912 3
1913 1
1914 1
1915 0
1916 4
1917 5
1918 2
1919 5
1920 2
1921 1
1922 5
1923 3
1924 2
1925 5
1926 1
1927 5
1928 4
1929 7
1930 4
1931 7
1932 12
1933 8
1934 3
1935 2
1936 3
1937 2
1938 5
1939 7
1940 4
1941 4
1942 4
1943 9
1944 2
1945 2
1946 6
1947 2
1948 5
1949 2
1950 2
1951 5
1952 1
1953 6
1954 2
1955 2
1956 1
1957 5
1958 3
1959 7
1960 2
1961 3
1962 8
1963 5
1964 2
1965 8
1966 4
1967 5
1968 10
1969 3
1970 6
1971 4
1972 10
1973 0
1974 2
1975 3
1976 5
1977 3
1978 0
1979 3
1980 2
1981 2
1982 1
1983 3
1984 1
1985 1
1986 1
1987 2
1988 3
1989 6
1990 8
1991 13
1992 9
1993 10
1994 8
1995 11
1996 14
1997 8
1998 9
1999 6
2000 7
2001 13
2002 6
2003 5
2004 12
2005 16
2006 14
2007 11
2008 11
2009 12
2010 11
